5.000000 0.004458 -0.052167 -0.015722 -1.405262 3.941070 7.531647
5.010000 0.004470 -0.052173 -0.015723 -1.338052 3.852436 7.520165
5.020000 0.004481 -0.052179 -0.015723 -1.274485 3.775591 7.524863
5.030000 0.004491 -0.052185 -0.015723 -1.250560 3.726926 7.542487
5.040000 0.004502 -0.052192 -0.015723 -1.214448 3.719543 7.547831
5.050000 0.004512 -0.052198 -0.015723 -1.163421 3.723262 7.527916
5.060000 0.004522 -0.052205 -0.015722 -1.148107 3.747223 7.498401
5.070000 0.004533 -0.052211 -0.015720 -1.115712 3.781475 7.433932
5.080000 0.004543 -0.052217 -0.015719 -1.098952 3.842212 7.340555
5.090000 0.004553 -0.052223 -0.015718 -1.121945 3.906589 7.271825
5.100000 0.004564 -0.052229 -0.015718 -1.137490 3.972555 7.201692
5.110000 0.004574 -0.052234 -0.015718 -1.143079 4.035049 7.122565
5.120000 0.004584 -0.052240 -0.015717 -1.191455 4.100603 7.081793
5.130000 0.004594 -0.052246 -0.015718 -1.241264 4.173342 7.071925
5.140000 0.004604 -0.052253 -0.015718 -1.236302 4.217512 7.044257
5.150000 0.004612 -0.052259 -0.015718 -1.235311 4.258922 7.020508
5.160000 0.004621 -0.052265 -0.015717 -1.251141 4.304381 6.998033
5.170000 0.004630 -0.052272 -0.015717 -1.218484 4.339833 6.950061
5.180000 0.004637 -0.052279 -0.015717 -1.164087 4.363211 6.908667
5.190000 0.004645 -0.052286 -0.015717 -1.131742 4.377160 6.879182
5.200000 0.004654 -0.052292 -0.015717 -1.077467 4.396776 6.838991
5.210000 0.004662 -0.052300 -0.015717 -1.038240 4.407200 6.823570
5.220000 0.004673 -0.052307 -0.015717 -1.049586 4.416194 6.837428
5.230000 0.004684 -0.052315 -0.015716 -1.063177 4.428102 6.816599
5.240000 0.004696 -0.052322 -0.015715 -1.121171 4.455375 6.774741
5.250000 0.004708 -0.052331 -0.015714 -1.238536 4.491592 6.761914
5.260000 0.004722 -0.052340 -0.015714 -1.355743 4.535236 6.725296
5.270000 0.004734 -0.052350 -0.015714 -1.476398 4.590249 6.638456
5.280000 0.004747 -0.052361 -0.015714 -1.643172 4.666967 6.614861
5.290000 0.004760 -0.052372 -0.015714 -1.765708 4.733299 6.568907
5.300000 0.004772 -0.052383 -0.015713 -1.834617 4.791014 6.514094
5.310000 0.004786 -0.052395 -0.015713 -1.930096 4.845153 6.462646
5.320000 0.004802 -0.052407 -0.015712 -2.023214 4.894228 6.394767
5.330000 0.004820 -0.052419 -0.015713 -2.080152 4.939807 6.350753
5.340000 0.004836 -0.052431 -0.015713 -2.142757 4.960066 6.347877
5.350000 0.004856 -0.052445 -0.015716 -2.232180 4.971242 6.453570
5.360000 0.004876 -0.052458 -0.015718 -2.243375 4.957376 6.503448
5.370000 0.004896 -0.052471 -0.015718 -2.276243 4.935045 6.569805
5.380000 0.004918 -0.052483 -0.015717 -2.320604 4.904580 6.624782
5.390000 0.004941 -0.052497 -0.015717 -2.286269 4.859162 6.614626
5.400000 0.004963 -0.052512 -0.015716 -2.239615 4.806029 6.553576
5.410000 0.004987 -0.052527 -0.015716 -2.210060 4.747673 6.529561
5.420000 0.005012 -0.052544 -0.015717 -2.143930 4.709573 6.535828
5.430000 0.005036 -0.052562 -0.015718 -2.045245 4.674602 6.467417
5.440000 0.005061 -0.052580 -0.015717 -1.989533 4.652244 6.439959
5.450000 0.005089 -0.052599 -0.015717 -1.945577 4.650264 6.426117
5.460000 0.005118 -0.052618 -0.015716 -1.880769 4.655734 6.305346
5.470000 0.005146 -0.052638 -0.015713 -1.842235 4.653499 6.220782
5.480000 0.005178 -0.052660 -0.015713 -1.878825 4.698787 6.184053
5.490000 0.005209 -0.052682 -0.015713 -1.876711 4.727735 6.066144
5.500000 0.005239 -0.052704 -0.015713 -1.928673 4.772336 6.046444
5.510000 0.005272 -0.052727 -0.015714 -2.021241 4.823634 6.049951
5.520000 0.005305 -0.052750 -0.015714 -2.038125 4.840063 6.030610
5.530000 0.005339 -0.052772 -0.015712 -2.110267 4.858567 5.975458
5.540000 0.005376 -0.052794 -0.015709 -2.199730 4.851506 5.899931
5.550000 0.005415 -0.052817 -0.015706 -2.303958 4.865406 5.740749
5.560000 0.005453 -0.052841 -0.015703 -2.352713 4.829000 5.544879
5.570000 0.005494 -0.052866 -0.015700 -2.524786 4.839763 5.381693
5.580000 0.005535 -0.052891 -0.015697 -2.642293 4.824274 5.170849
5.590000 0.005577 -0.052918 -0.015693 -2.712177 4.816163 4.919592
5.600000 0.005618 -0.052943 -0.015688 -2.801973 4.793284 4.688369
5.610000 0.005662 -0.052970 -0.015684 -2.862070 4.778033 4.487703
5.620000 0.005705 -0.052997 -0.015678 -2.826781 4.744754 4.124185
5.630000 0.005748 -0.053023 -0.015670 -2.806300 4.707440 3.771805
5.640000 0.005793 -0.053050 -0.015663 -2.771472 4.663874 3.487373
5.650000 0.005837 -0.053078 -0.015656 -2.657808 4.622988 3.109224
5.660000 0.005879 -0.053105 -0.015650 -2.493059 4.551786 2.760765
5.670000 0.005921 -0.053133 -0.015644 -2.343283 4.485116 2.553513
5.680000 0.005966 -0.053161 -0.015639 -2.168781 4.442718 2.342341
5.690000 0.006010 -0.053188 -0.015633 -1.955126 4.373929 2.146547
5.700000 0.006056 -0.053214 -0.015625 -1.822236 4.317931 2.027549
5.710000 0.006106 -0.053239 -0.015615 -1.759454 4.292911 1.847577
5.720000 0.006156 -0.053263 -0.015603 -1.715098 4.253585 1.609173
5.730000 0.006208 -0.053286 -0.015588 -1.784016 4.231980 1.346056
5.740000 0.006262 -0.053310 -0.015576 -1.971823 4.255956 1.142050
5.750000 0.006315 -0.053335 -0.015563 -2.124916 4.267154 0.897364
5.760000 0.006366 -0.053359 -0.015549 -2.375781 4.331091 0.760046
5.770000 0.006417 -0.053385 -0.015537 -2.658151 4.410426 0.784562
5.780000 0.006469 -0.053411 -0.015525 -2.873827 4.490841 0.894663
5.790000 0.006518 -0.053435 -0.015510 -3.017250 4.559493 1.059753
5.800000 0.006569 -0.053459 -0.015493 -3.212277 4.660989 1.345872
5.810000 0.006624 -0.053485 -0.015477 -3.394720 4.801694 1.659649
5.820000 0.006677 -0.053511 -0.015459 -3.486525 4.922780 1.975283
5.830000 0.006733 -0.053538 -0.015440 -3.670380 5.106533 2.456929
5.840000 0.006792 -0.053566 -0.015422 -3.829637 5.293218 2.998389
5.850000 0.006851 -0.053592 -0.015399 -3.896866 5.459883 3.490505
5.860000 0.006909 -0.053616 -0.015372 -3.951283 5.603786 3.997120
5.870000 0.006971 -0.053640 -0.015343 -3.996846 5.737217 4.408008
5.880000 0.007034 -0.053665 -0.015312 -3.897377 5.827927 4.665633
5.890000 0.007094 -0.053688 -0.015276 -3.703800 5.881753 4.698333
5.900000 0.007157 -0.053711 -0.015238 -3.555005 5.949710 4.603109
5.910000 0.007221 -0.053733 -0.015198 -3.202352 5.925587 4.273199
5.920000 0.007282 -0.053753 -0.015154 -2.735195 5.846390 3.736917
5.930000 0.007345 -0.053772 -0.015108 -2.332932 5.730296 3.130429
5.940000 0.007413 -0.053790 -0.015061 -1.902350 5.566846 2.406817
5.950000 0.007479 -0.053807 -0.015012 -1.403943 5.335284 1.554577
5.960000 0.007546 -0.053824 -0.014962 -1.086251 5.094245 0.810304
5.970000 0.007619 -0.053841 -0.014913 -0.918105 4.869083 0.160579
5.980000 0.007692 -0.053857 -0.014863 -0.722298 4.589903 -0.480118
5.990000 0.007763 -0.053872 -0.014812 -0.745888 4.344765 -0.975363
6.000000 0.007839 -0.053889 -0.014764 -0.978163 4.134199 -1.792603
6.010000 0.007914 -0.053905 -0.014717 -1.169565 3.902467 -2.005473
6.020000 0.007985 -0.053920 -0.014669 -1.444458 3.702755 -1.988434
6.030000 0.008057 -0.053937 -0.014623 -1.873019 3.535447 -1.569859
6.040000 0.008131 -0.053954 -0.014579 -2.204913 3.390422 -1.124878
6.050000 0.008199 -0.053972 -0.014534 -2.423312 3.265546 -0.661478
6.060000 0.008265 -0.053991 -0.014491 -2.706273 3.197599 -0.004553
6.070000 0.008335 -0.054011 -0.014450 -2.920777 3.199868 0.611292
6.080000 0.008401 -0.054032 -0.014408 -2.908109 3.244445 0.972492
6.090000 0.008463 -0.054054 -0.014366 -2.908880 3.352331 1.316296
6.100000 0.008530 -0.054074 -0.014325 -2.902170 3.521301 1.519910
6.110000 0.008594 -0.054093 -0.014284 -2.574429 3.654242 1.352707
6.120000 0.008650 -0.054109 -0.014240 -2.218233 3.768173 1.073160
6.130000 0.008711 -0.054125 -0.014200 -1.959013 3.905730 0.714670
6.140000 0.008773 -0.054140 -0.014161 -1.440483 3.974523 0.025605
6.150000 0.008827 -0.054155 -0.014123 -0.882967 4.021945 -0.737848
6.160000 0.008885 -0.054169 -0.014086 -0.557460 4.085759 -1.352260
6.170000 0.008949 -0.054184 -0.014053 -0.206885 4.162859 -2.065266
6.180000 0.009006 -0.054198 -0.014018 0.223584 4.187892 -2.906201
6.190000 0.009063 -0.054213 -0.013983 0.262479 4.282597 -3.523096
6.200000 0.009128 -0.054226 -0.013950 0.188645 4.376109 -4.120416
6.210000 0.009187 -0.054239 -0.013916 0.238429 4.412468 -4.835949
6.220000 0.009239 -0.054249 -0.013881 0.024316 4.419710 -5.319459
6.230000 0.009299 -0.054260 -0.013850 -0.389628 4.422685 -5.583177
6.240000 0.009355 -0.054267 -0.013818 -0.530629 4.285678 -5.921606
6.250000 0.009401 -0.054272 -0.013785 -0.727472 4.063042 -6.010278
6.260000 0.009452 -0.054277 -0.013756 -1.164622 3.811863 -5.771244
6.270000 0.009506 -0.054281 -0.013724 -1.317781 3.476316 -5.644583
6.280000 0.009548 -0.054283 -0.013689 -1.343781 3.073319 -5.504504
6.290000 0.009593 -0.054286 -0.013655 -1.646727 2.689219 -5.094451
6.300000 0.009645 -0.054288 -0.013621 -1.770937 2.308377 -4.865403
6.310000 0.009686 -0.054289 -0.013584 -1.585644 1.894506 -4.796958
6.320000 0.009724 -0.054292 -0.013547 -1.689726 1.564059 -4.577395
6.330000 0.009772 -0.054295 -0.013512 -1.795334 1.324101 -4.472262
6.340000 0.009813 -0.054298 -0.013476 -1.531104 1.096615 -4.546950
6.350000 0.009847 -0.054303 -0.013440 -1.476210 0.977714 -4.527050
6.360000 0.009892 -0.054309 -0.013405 -1.594259 0.969964 -4.487892
6.370000 0.009936 -0.054314 -0.013367 -1.409189 1.045329 -4.746456
6.380000 0.009970 -0.054320 -0.013325 -1.334908 1.194307 -5.038500
6.390000 0.010013 -0.054326 -0.013284 -1.567756 1.441260 -5.281358
6.400000 0.010058 -0.054329 -0.013239 -1.508720 1.732175 -5.852345
6.410000 0.010091 -0.054333 -0.013192 -1.406824 2.045328 -6.456540
6.420000 0.010129 -0.054337 -0.013147 -1.591434 2.374616 -6.923533
6.430000 0.010172 -0.054338 -0.013102 -1.520418 2.683535 -7.513506
6.440000 0.010203 -0.054340 -0.013057 -1.254118 2.934944 -7.994404
6.450000 0.010236 -0.054342 -0.013016 -1.275092 3.155720 -8.237680
6.460000 0.010276 -0.054342 -0.012976 -1.108804 3.290200 -8.414367
6.470000 0.010306 -0.054341 -0.012935 -0.630438 3.312885 -8.499495
6.480000 0.010335 -0.054341 -0.012896 -0.452431 3.297272 -8.382975
6.490000 0.010376 -0.054338 -0.012859 -0.282534 3.221382 -8.244195
6.500000 0.010413 -0.054336 -0.012820 0.188000 3.070554 -8.220330
6.510000 0.010445 -0.054335 -0.012783 0.365606 2.888888 -8.057562
6.520000 0.010489 -0.054333 -0.012749 0.322861 2.706747 -7.903256
6.530000 0.010530 -0.054331 -0.012713 0.560346 2.506210 -7.948892
6.540000 0.010562 -0.054331 -0.012679 0.621522 2.295194 -7.887452
6.550000 0.010602 -0.054331 -0.012646 0.351342 2.143808 -7.885268
6.560000 0.010642 -0.054328 -0.012610 0.352974 1.999897 -8.097506
6.570000 0.010671 -0.054327 -0.012574 0.347394 1.867229 -8.306077
6.580000 0.010706 -0.054327 -0.012538 -0.043277 1.814607 -8.568359
6.590000 0.010745 -0.054324 -0.012501 -0.239296 1.810303 -9.024131
6.600000 0.010772 -0.054324 -0.012464 -0.314846 1.826526 -9.467388
6.610000 0.010801 -0.054325 -0.012431 -0.736753 1.904631 -9.849370
6.620000 0.010835 -0.054324 -0.012397 -0.981191 2.005204 -10.292734
6.630000 0.010858 -0.054324 -0.012363 -0.977682 2.103587 -10.713018
6.640000 0.010878 -0.054326 -0.012333 -1.203793 2.204334 -10.934237
6.650000 0.010907 -0.054327 -0.012305 -1.338812 2.291359 -11.122434
6.660000 0.010929 -0.054329 -0.012277 -1.135495 2.357818 -11.289379
6.670000 0.010947 -0.054333 -0.012254 -1.132713 2.420193 -11.243392
6.680000 0.010975 -0.054336 -0.012231 -1.183818 2.476088 -11.138604
6.690000 0.011000 -0.054338 -0.012207 -0.892699 2.504732 -11.048499
6.700000 0.011017 -0.054342 -0.012185 -0.728070 2.497275 -10.821971
6.710000 0.011044 -0.054344 -0.012162 -0.735370 2.490913 -10.584912
6.720000 0.011069 -0.054344 -0.012139 -0.409596 2.447581 -10.403640
6.730000 0.011085 -0.054347 -0.012115 -0.131161 2.392288 -10.200802
6.740000 0.011108 -0.054350 -0.012092 -0.108768 2.355284 -9.946863
6.750000 0.011135 -0.054353 -0.012066 0.122490 2.355216 -9.869253
6.760000 0.011153 -0.054356 -0.012037 0.399220 2.366456 -9.825213
6.770000 0.011174 -0.054359 -0.012006 0.321823 2.436802 -9.821876
6.780000 0.011202 -0.054360 -0.011971 0.373176 2.548002 -10.017072
6.790000 0.011222 -0.054362 -0.011933 0.496342 2.695931 -10.377493
6.800000 0.011243 -0.054365 -0.011896 0.307065 2.863497 -10.699918
6.810000 0.011274 -0.054367 -0.011857 0.127700 3.085706 -11.167434
6.820000 0.011296 -0.054370 -0.011819 0.136675 3.315968 -11.691399
6.830000 0.011317 -0.054376 -0.011783 -0.134724 3.538048 -12.087908
6.840000 0.011348 -0.054379 -0.011747 -0.451906 3.770500 -12.459810
6.850000 0.011373 -0.054382 -0.011712 -0.429663 3.925827 -12.793442
6.860000 0.011393 -0.054387 -0.011677 -0.615530 4.060855 -13.020561
6.870000 0.011424 -0.054390 -0.011642 -0.878727 4.140138 -13.122269
6.880000 0.011453 -0.054392 -0.011606 -0.814935 4.173754 -13.230591
6.890000 0.011475 -0.054396 -0.011572 -0.809364 4.149874 -13.226622
6.900000 0.011506 -0.054400 -0.011539 -0.954682 4.089607 -13.098414
6.910000 0.011539 -0.054403 -0.011504 -0.836703 4.026810 -12.981906
6.920000 0.011563 -0.054408 -0.011473 -0.672266 3.921669 -12.770834
6.930000 0.011594 -0.054413 -0.011439 -0.753153 3.820554 -12.512040
6.940000 0.011628 -0.054415 -0.011405 -0.601783 3.709937 -12.260463
6.950000 0.011654 -0.054418 -0.011369 -0.327214 3.579881 -12.016005
6.960000 0.011683 -0.054421 -0.011329 -0.336065 3.463061 -11.796222
6.970000 0.011720 -0.054420 -0.011285 -0.226490 3.356437 -11.641836
6.980000 0.011748 -0.054421 -0.011240 0.037699 3.262981 -11.582552
6.990000 0.011779 -0.054422 -0.011192 -0.018384 3.216398 -11.578219
7.000000 0.011817 -0.054421 -0.011144 -0.038606 3.200591 -11.607769
7.010000 0.011848 -0.054421 -0.011094 0.101179 3.229112 -11.723235
7.020000 0.011879 -0.054421 -0.011042 -0.018069 3.286555 -11.854176
7.030000 0.011919 -0.054417 -0.010987 -0.172752 3.369913 -12.029847
7.040000 0.011954 -0.054414 -0.010930 -0.105849 3.462369 -12.282304
7.050000 0.011985 -0.054412 -0.010876 -0.188841 3.528548 -12.524919
7.060000 0.012026 -0.054408 -0.010822 -0.368189 3.585836 -12.753137
7.070000 0.012064 -0.054404 -0.010769 -0.294464 3.637109 -13.019217
7.080000 0.012094 -0.054402 -0.010720 -0.274969 3.630884 -13.167310
7.090000 0.012132 -0.054399 -0.010672 -0.394665 3.599904 -13.224120
7.100000 0.012171 -0.054393 -0.010623 -0.271442 3.535287 -13.279263
7.110000 0.012201 -0.054389 -0.010575 -0.131708 3.405885 -13.225706
7.120000 0.012238 -0.054384 -0.010528 -0.214251 3.252089 -13.106009
7.130000 0.012279 -0.054378 -0.010479 -0.100603 3.073219 -13.005609
7.140000 0.012311 -0.054373 -0.010431 0.073149 2.873241 -12.878584
7.150000 0.012345 -0.054370 -0.010386 -0.012526 2.685534 -12.687738
7.160000 0.012384 -0.054366 -0.010340 0.028006 2.529858 -12.535829
7.170000 0.012414 -0.054364 -0.010296 0.219457 2.389672 -12.386510
7.180000 0.012442 -0.054365 -0.010253 0.168546 2.302613 -12.223300
7.190000 0.012477 -0.054364 -0.010209 0.171334 2.261590 -12.104692
7.200000 0.012506 -0.054363 -0.010166 0.388083 2.252258 -12.054498
7.210000 0.012531 -0.054364 -0.010124 0.406768 2.283428 -12.016222
7.220000 0.012565 -0.054363 -0.010079 0.342015 2.373529 -12.070305
7.230000 0.012593 -0.054363 -0.010035 0.486271 2.491085 -12.186490
7.240000 0.012619 -0.054365 -0.009991 0.431279 2.658963 -12.351825
7.250000 0.012651 -0.054365 -0.009946 0.218163 2.869402 -12.554151
7.260000 0.012681 -0.054366 -0.009902 0.178192 3.107389 -12.784677
7.270000 0.012705 -0.054369 -0.009861 0.002178 3.370493 -13.012397
7.280000 0.012735 -0.054370 -0.009821 -0.353094 3.635229 -13.216692
7.290000 0.012765 -0.054371 -0.009782 -0.525640 3.892659 -13.415536
7.300000 0.012785 -0.054375 -0.009748 -0.673251 4.102425 -13.551303
7.310000 0.012808 -0.054377 -0.009713 -0.955088 4.248659 -13.607289
7.320000 0.012831 -0.054376 -0.009680 -1.004825 4.324846 -13.631472
7.330000 0.012846 -0.054377 -0.009646 -0.921047 4.321885 -13.615002
7.340000 0.012863 -0.054377 -0.009616 -0.959054 4.225728 -13.481934
7.350000 0.012884 -0.054376 -0.009586 -0.858471 4.099981 -13.347336
7.360000 0.012899 -0.054376 -0.009559 -0.600147 3.919857 -13.179790
7.370000 0.012915 -0.054378 -0.009535 -0.575474 3.735827 -12.936813
7.380000 0.012939 -0.054379 -0.009508 -0.570548 3.604845 -12.721530
7.390000 0.012958 -0.054381 -0.009480 -0.418246 3.497140 -12.531060
7.400000 0.012977 -0.054383 -0.009454 -0.522362 3.428331 -12.340439
7.410000 0.013005 -0.054384 -0.009425 -0.728104 3.439077 -12.217097
7.420000 0.013028 -0.054384 -0.009396 -0.760784 3.473048 -12.167576
7.430000 0.013050 -0.054385 -0.009364 -0.993833 3.542133 -12.160145
7.440000 0.013078 -0.054384 -0.009332 -1.332865 3.644636 -12.187565
7.450000 0.013105 -0.054383 -0.009297 -1.491513 3.784230 -12.323408
7.460000 0.013126 -0.054384 -0.009262 -1.719732 3.929001 -12.467013
7.470000 0.013154 -0.054383 -0.009226 -2.156816 4.142713 -12.629229
7.480000 0.013182 -0.054383 -0.009191 -2.342036 4.346597 -12.792415
7.490000 0.013203 -0.054384 -0.009156 -2.545182 4.572315 -12.961550
7.500000 0.013227 -0.054384 -0.009123 -2.879544 4.769579 -13.011591
7.510000 0.013256 -0.054383 -0.009087 -3.058516 4.995817 -13.081208
7.520000 0.013275 -0.054383 -0.009053 -3.075760 5.134343 -13.072341
7.530000 0.013296 -0.054383 -0.009019 -3.275268 5.241401 -12.984607
7.540000 0.013323 -0.054380 -0.008984 -3.309874 5.298299 -12.860859
7.550000 0.013343 -0.054377 -0.008948 -3.133857 5.263005 -12.695496
7.560000 0.013365 -0.054375 -0.008909 -3.153628 5.199644 -12.478515
7.570000 0.013395 -0.054371 -0.008871 -3.133603 5.102063 -12.249623
7.580000 0.013422 -0.054367 -0.008828 -2.946536 4.978508 -12.055203
7.590000 0.013447 -0.054364 -0.008785 -2.963102 4.846458 -11.835258
7.600000 0.013483 -0.054360 -0.008737 -3.122789 4.753316 -11.654415
7.610000 0.013518 -0.054355 -0.008686 -3.106259 4.655028 -11.517315
7.620000 0.013548 -0.054351 -0.008632 -3.235066 4.567494 -11.380200
7.630000 0.013587 -0.054347 -0.008574 -3.579073 4.550306 -11.291414
7.640000 0.013627 -0.054343 -0.008516 -3.758994 4.548119 -11.238304
7.650000 0.013663 -0.054342 -0.008459 -3.987333 4.587934 -11.176149
7.660000 0.013705 -0.054341 -0.008400 -4.468403 4.715831 -11.122014
7.670000 0.013751 -0.054340 -0.008339 -4.830469 4.891468 -11.072923
7.680000 0.013789 -0.054340 -0.008280 -5.004485 5.019504 -10.996965
7.690000 0.013828 -0.054340 -0.008224 -5.162154 5.052778 -10.873323
7.700000 0.013874 -0.054337 -0.008164 -5.071762 4.996322 -10.695815
7.710000 0.013916 -0.054338 -0.008107 -4.808309 4.919050 -10.511876
7.720000 0.013957 -0.054339 -0.008053 -4.630571 4.754651 -10.211101
7.730000 0.014005 -0.054337 -0.008000 -4.412368 4.572732 -9.865610
7.740000 0.014053 -0.054336 -0.007947 -3.961259 4.339192 -9.542245
7.750000 0.014099 -0.054337 -0.007890 -3.617763 4.067480 -9.209970
7.760000 0.014158 -0.054336 -0.007834 -3.485573 3.880607 -8.861728
7.770000 0.014218 -0.054334 -0.007774 -3.199025 3.707385 -8.621254
7.780000 0.014271 -0.054333 -0.007711 -2.991922 3.518404 -8.445159
7.790000 0.014328 -0.054331 -0.007652 -2.973114 3.327751 -8.291866
7.800000 0.014390 -0.054330 -0.007596 -2.811939 3.146819 -8.262555
7.810000 0.014444 -0.054332 -0.007545 -2.572765 2.954208 -8.248149
7.820000 0.014499 -0.054334 -0.007505 -2.610579 2.830675 -8.217208
7.830000 0.014559 -0.054337 -0.007473 -2.499986 2.686011 -8.200929
7.840000 0.014610 -0.054338 -0.007444 -2.133737 2.466415 -8.179626
7.850000 0.014660 -0.054341 -0.007424 -1.995787 2.291571 -8.118018
7.860000 0.014717 -0.054343 -0.007409 -1.873735 2.134249 -8.047045
7.870000 0.014768 -0.054345 -0.007402 -1.535731 1.958755 -7.981536
7.880000 0.014812 -0.054349 -0.007399 -1.396886 1.814425 -7.942927
7.890000 0.014862 -0.054354 -0.007407 -1.468547 1.717769 -7.899243
7.900000 0.014909 -0.054357 -0.007417 -1.351818 1.679235 -7.942155
7.910000 0.014943 -0.054364 -0.007436 -1.340241 1.711215 -7.989498
7.920000 0.014976 -0.054369 -0.007463 -1.570158 1.789409 -8.017062
7.930000 0.015006 -0.054373 -0.007499 -1.543362 1.872984 -8.045096
7.940000 0.015018 -0.054377 -0.007538 -1.315650 1.904629 -8.048640
7.950000 0.015024 -0.054381 -0.007583 -1.229642 1.891810 -7.959738
7.960000 0.015031 -0.054383 -0.007639 -0.914946 1.869199 -7.823783
7.970000 0.015022 -0.054387 -0.007696 -0.246238 1.760099 -7.649109
7.980000 0.015007 -0.054393 -0.007761 0.175785 1.669196 -7.347071
7.990000 0.014998 -0.054399 -0.007833 0.655377 1.556163 -6.946092
8.000000 0.014979 -0.054405 -0.007902 1.371746 1.458038 -4.338975
8.010000 0.014951 -0.054413 -0.007977 1.889412 1.340852 -3.950086
8.020000 0.014931 -0.054420 -0.008050 2.205255 1.277380 -3.569329
8.030000 0.014907 -0.054426 -0.008119 2.781137 1.180254 -3.210136
8.040000 0.014872 -0.054433 -0.008191 3.239070 1.039559 -2.815100
8.050000 0.014844 -0.054442 -0.008264 3.418343 0.927532 -2.453130
8.060000 0.014816 -0.054449 -0.008336 3.821554 0.764296 -2.154348
8.070000 0.014774 -0.054460 -0.008416 4.239706 0.555347 -1.835886
8.080000 0.014735 -0.054473 -0.008501 4.366831 0.369954 -1.526923
8.090000 0.014700 -0.054484 -0.008584 4.620147 0.173422 -1.278271
8.100000 0.014656 -0.054496 -0.008668 4.965515 -0.068944 -1.068915
8.110000 0.014612 -0.054508 -0.008754 4.992619 -0.306213 -0.860105
8.120000 0.014574 -0.054520 -0.008841 4.960172 -0.497359 -0.734065
8.130000 0.014529 -0.054534 -0.008928 5.067533 -0.705737 -0.680680
8.140000 0.014478 -0.054552 -0.009024 4.914217 -0.868755 -0.637961
8.150000 0.014435 -0.054570 -0.009124 4.608198 -0.931089 -0.621945
8.160000 0.014385 -0.054590 -0.009228 4.535123 -0.970223 -0.650931
8.170000 0.014324 -0.054613 -0.009342 4.379417 -0.955486 -0.684171
8.180000 0.014264 -0.054638 -0.009465 4.107478 -0.933177 -0.652372
8.190000 0.014202 -0.054662 -0.009595 4.105794 -0.940937 -0.582248
8.200000 0.014130 -0.054687 -0.009729 4.217619 -0.967016 -0.534026
8.210000 0.014057 -0.054715 -0.009874 4.188428 -1.001788 -0.374467
8.220000 0.013990 -0.054742 -0.010022 4.282232 -1.026860 -0.162887
8.230000 0.013914 -0.054768 -0.010171 4.569037 -1.097351 0.026531
8.240000 0.013836 -0.054796 -0.010326 4.672604 -1.162425 0.261190
8.250000 0.013766 -0.054822 -0.010480 4.632111 -1.172484 0.496732
8.260000 0.013694 -0.054847 -0.010635 4.724378 -1.165770 0.631248
8.270000 0.013614 -0.054872 -0.010791 4.692496 -1.187030 0.725952
8.280000 0.013539 -0.054897 -0.010948 4.358937 -1.118579 0.853587
8.290000 0.013466 -0.054920 -0.011104 4.186360 -1.070583 0.875512
8.300000 0.013384 -0.054943 -0.011261 4.019152 -1.019451 0.834292
8.310000 0.013301 -0.054966 -0.011418 3.599205 -0.920368 0.835527
8.320000 0.013222 -0.054987 -0.011576 3.224426 -0.798802 0.833638
8.330000 0.013134 -0.055007 -0.011731 3.089752 -0.732051 0.731425
8.340000 0.013039 -0.055028 -0.011888 2.808482 -0.660662 0.722408
8.350000 0.012951 -0.055047 -0.012044 2.510832 -0.562942 0.743572
8.360000 0.012858 -0.055064 -0.012194 2.539674 -0.526088 0.681395
8.370000 0.012757 -0.055077 -0.012337 2.557784 -0.522905 0.598818
8.380000 0.012661 -0.055087 -0.012474 2.433655 -0.493167 0.555322
8.390000 0.012565 -0.055094 -0.012606 2.617712 -0.535133 0.414925
8.400000 0.012458 -0.055100 -0.012736 2.934772 -0.643120 0.207168
8.410000 0.012350 -0.055104 -0.012864 3.063834 -0.746730 0.117535
8.420000 0.012248 -0.055105 -0.012990 3.328443 -0.861759 0.029886
8.430000 0.012137 -0.055105 -0.013112 3.805409 -1.035472 -0.082521
8.440000 0.012023 -0.055103 -0.013227 4.028818 -1.181619 -0.028118
8.450000 0.011920 -0.055098 -0.013337 4.116343 -1.243862 0.093564
8.460000 0.011814 -0.055092 -0.013439 4.326416 -1.283730 0.107715
8.470000 0.011704 -0.055085 -0.013535 4.293555 -1.259729 0.156154
8.480000 0.011602 -0.055076 -0.013625 4.046478 -1.154196 0.223446
8.490000 0.011498 -0.055065 -0.013709 3.963374 -1.008005 0.135915
8.500000 0.011387 -0.055052 -0.013788 3.849185 -0.857512 -0.020849
8.510000 0.011279 -0.055036 -0.013862 3.574749 -0.688145 -0.189515
8.520000 0.011176 -0.055017 -0.013930 3.524625 -0.562917 -0.497139
8.530000 0.011064 -0.054996 -0.013990 3.693489 -0.546882 -0.964004
8.540000 0.010955 -0.054973 -0.014046 3.685043 -0.548392 -1.340210
8.550000 0.010856 -0.054949 -0.014099 3.787145 -0.600219 -1.801017
8.560000 0.010753 -0.054924 -0.014146 4.160706 -0.746377 -2.345560
8.570000 0.010646 -0.054898 -0.014190 4.373934 -0.922324 -2.690588
8.580000 0.010552 -0.054873 -0.014233 4.435664 -1.043499 -2.893252
8.590000 0.010459 -0.054847 -0.014270 4.744238 -1.246585 -3.124001
8.600000 0.010360 -0.054817 -0.014298 4.934367 -1.468690 -3.278997
8.610000 0.010271 -0.054787 -0.014324 4.850443 -1.670478 -3.112105
8.620000 0.010188 -0.054754 -0.014345 4.934795 -1.940153 -3.013909
8.630000 0.010098 -0.054719 -0.014358 5.047852 -2.268348 -2.904460
8.640000 0.010013 -0.054685 -0.014367 4.848103 -2.554163 -2.499892
8.650000 0.009935 -0.054650 -0.014375 4.733890 -2.828542 -2.085685
8.660000 0.009850 -0.054613 -0.014374 4.859153 -3.145322 -1.793153
8.670000 0.009763 -0.054574 -0.014365 4.737781 -3.397818 -1.391609
8.680000 0.009688 -0.054537 -0.014353 4.557575 -3.553208 -1.013109
8.690000 0.009611 -0.054499 -0.014335 4.682610 -3.694601 -0.943802
8.700000 0.009531 -0.054461 -0.014310 4.621186 -3.717057 -0.969030
8.710000 0.009461 -0.054426 -0.014288 4.308404 -3.566584 -0.921603
8.720000 0.009397 -0.054392 -0.014262 4.244414 -3.354219 -1.183205
8.730000 0.009326 -0.054357 -0.014232 4.108608 -3.048474 -1.485742
8.740000 0.009264 -0.054320 -0.014198 3.687840 -2.636493 -1.696598
8.750000 0.009210 -0.054284 -0.014166 3.437038 -2.212078 -2.070872
8.760000 0.009150 -0.054246 -0.014127 3.377887 -1.832234 -2.637533
8.770000 0.009092 -0.054208 -0.014088 3.055746 -1.431198 -2.996760
8.780000 0.009050 -0.054174 -0.014055 2.771362 -1.018880 -3.303031
8.790000 0.009001 -0.054139 -0.014019 2.879751 -0.738040 -3.796214
8.800000 0.008952 -0.054105 -0.013982 2.725511 -0.420723 -4.037376
8.810000 0.008918 -0.054072 -0.013949 2.486320 -0.129453 -4.074706
8.820000 0.008887 -0.054038 -0.013914 2.665360 0.017901 -4.260394
8.830000 0.008849 -0.054001 -0.013873 2.799899 0.054531 -4.332214
8.840000 0.008825 -0.053964 -0.013834 2.622290 0.088945 -4.113478
8.850000 0.008809 -0.053928 -0.013796 2.819117 -0.031069 -4.079887
8.860000 0.008783 -0.053891 -0.013752 3.117218 -0.272356 -4.090691
8.870000 0.008765 -0.053856 -0.013712 3.014893 -0.450016 -3.816359
8.880000 0.008757 -0.053823 -0.013674 3.137319 -0.689769 -3.684395
8.890000 0.008741 -0.053791 -0.013632 3.468321 -0.949361 -3.722314
8.900000 0.008725 -0.053759 -0.013591 3.398577 -1.103230 -3.602397
8.910000 0.008724 -0.053732 -0.013554 3.248411 -1.146442 -3.524211
8.920000 0.008718 -0.053704 -0.013515 3.451003 -1.218590 -3.781996
8.930000 0.008706 -0.053677 -0.013473 3.336466 -1.186974 -3.978681
8.940000 0.008709 -0.053654 -0.013438 2.897258 -1.001469 -4.064494
8.950000 0.008714 -0.053632 -0.013404 2.819936 -0.835140 -4.439633
8.960000 0.008706 -0.053609 -0.013369 2.701320 -0.673947 -4.798762
8.970000 0.008709 -0.053591 -0.013342 2.054079 -0.375557 -4.829411
8.980000 0.008723 -0.053574 -0.013318 1.763170 -0.142173 -5.043996
8.990000 0.008721 -0.053554 -0.013290 1.764793 -0.016171 -5.299823
9.000000 0.008722 -0.053538 -0.013269 1.244706 0.196162 -5.192296
9.010000 0.008739 -0.053523 -0.013254 0.910041 0.327051 -5.145687
9.020000 0.008743 -0.053506 -0.013235 1.194643 0.290885 -5.325824
9.030000 0.008737 -0.053490 -0.013218 1.149333 0.262162 -5.210655
9.040000 0.008749 -0.053477 -0.013209 1.016201 0.222791 -5.007674
9.050000 0.008756 -0.053462 -0.013198 1.609681 0.020761 -5.104202
9.060000 0.008748 -0.053449 -0.013186 2.089264 -0.203655 -5.085804
9.070000 0.008754 -0.053439 -0.013179 2.155444 -0.356298 -4.908258
9.080000 0.008766 -0.053428 -0.013170 2.724593 -0.548061 -5.041250
9.090000 0.008761 -0.053418 -0.013159 3.329037 -0.735481 -5.228314
9.100000 0.008767 -0.053410 -0.013150 3.333615 -0.802115 -5.254064
9.110000 0.008783 -0.053402 -0.013142 3.581701 -0.821798 -5.518581
9.120000 0.008784 -0.053395 -0.013129 3.990548 -0.838595 -5.899826
9.130000 0.008788 -0.053390 -0.013120 3.766885 -0.741832 -6.075020
9.140000 0.008806 -0.053386 -0.013112 3.571426 -0.604879 -6.355892
9.150000 0.008813 -0.053381 -0.013100 3.681160 -0.484054 -6.773476
9.160000 0.008816 -0.053379 -0.013091 3.308534 -0.316745 -6.967163
9.170000 0.008834 -0.053377 -0.013081 2.799274 -0.134092 -7.135635
9.180000 0.008844 -0.053372 -0.013070 2.749729 -0.014805 -7.452230
9.190000 0.008845 -0.053370 -0.013058 2.479375 0.062338 -7.626475
9.200000 0.008856 -0.053366 -0.013046 2.032212 0.118013 -7.709663
9.210000 0.008867 -0.053361 -0.013032 2.068428 0.097278 -7.958325
9.220000 0.008865 -0.053357 -0.013014 2.120419 0.012187 -8.169714
9.230000 0.008873 -0.053353 -0.012997 1.886962 -0.062534 -8.272286
9.240000 0.008886 -0.053348 -0.012976 2.043297 -0.169109 -8.545922
9.250000 0.008886 -0.053344 -0.012953 2.332474 -0.302241 -8.869927
9.260000 0.008894 -0.053342 -0.012929 2.208146 -0.357398 -9.087122
9.270000 0.008911 -0.053341 -0.012904 2.253151 -0.356085 -9.397388
9.280000 0.008918 -0.053340 -0.012876 2.516849 -0.358289 -9.791637
9.290000 0.008927 -0.053339 -0.012845 2.325945 -0.265942 -10.057158
9.300000 0.008948 -0.053338 -0.012815 2.149228 -0.116036 -10.290803
9.310000 0.008961 -0.053337 -0.012782 2.283843 0.004144 -10.646427
9.320000 0.008970 -0.053335 -0.012748 2.085502 0.134109 -10.795656
9.330000 0.008991 -0.053332 -0.012715 1.744110 0.318607 -10.848958
9.340000 0.009009 -0.053327 -0.012678 1.795963 0.424320 -10.979940
9.350000 0.009019 -0.053321 -0.012637 1.723832 0.464635 -10.980759
9.360000 0.009039 -0.053313 -0.012594 1.421819 0.537101 -10.826881
9.370000 0.009062 -0.053304 -0.012550 1.480120 0.539039 -10.785828
9.380000 0.009073 -0.053294 -0.012501 1.639171 0.437633 -10.744660
9.390000 0.009090 -0.053281 -0.012450 1.510581 0.355761 -10.511012
9.400000 0.009114 -0.053269 -0.012400 1.651124 0.236930 -10.292511
9.410000 0.009128 -0.053255 -0.012344 2.030218 0.021783 -10.195878
9.420000 0.009144 -0.053240 -0.012286 2.061864 -0.157373 -9.880897
9.430000 0.009172 -0.053226 -0.012226 2.154932 -0.308865 -9.610814
9.440000 0.009193 -0.053209 -0.012161 2.560120 -0.519063 -9.478484
9.450000 0.009211 -0.053193 -0.012092 2.583715 -0.659278 -9.226969
9.460000 0.009244 -0.053177 -0.012024 2.424702 -0.707646 -8.915023
9.470000 0.009275 -0.053161 -0.011953 2.584033 -0.764521 -8.780210
9.480000 0.009297 -0.053144 -0.011875 2.507281 -0.789570 -8.614114
9.490000 0.009331 -0.053129 -0.011802 2.042350 -0.663180 -8.267594
9.500000 0.009368 -0.053114 -0.011725 1.949028 -0.553030 -8.138514
9.510000 0.009391 -0.053099 -0.011645 1.863479 -0.442083 -8.030152
9.520000 0.009421 -0.053085 -0.011565 1.364546 -0.225050 -7.777984
9.530000 0.009460 -0.053069 -0.011485 1.170225 -0.031503 -7.687039
9.540000 0.009486 -0.053052 -0.011398 1.274863 0.072321 -7.756818
9.550000 0.009513 -0.053031 -0.011309 1.000414 0.189919 -7.722936
9.560000 0.009554 -0.053010 -0.011223 0.854041 0.274730 -7.747220
9.570000 0.009585 -0.052986 -0.011131 1.233038 0.180725 -7.996133
9.580000 0.009611 -0.052961 -0.011041 1.289528 0.043111 -8.101408
9.590000 0.009654 -0.052935 -0.010955 1.178956 -0.128711 -8.107408
9.600000 0.009696 -0.052908 -0.010870 1.585201 -0.423531 -8.268919
9.610000 0.009725 -0.052880 -0.010779 1.794932 -0.798305 -8.330342
9.620000 0.009771 -0.052854 -0.010693 1.458466 -1.044349 -8.181683
9.630000 0.009826 -0.052825 -0.010607 1.539635 -1.395440 -8.169087
9.640000 0.009865 -0.052796 -0.010516 1.687323 -1.765959 -8.194693
9.650000 0.009909 -0.052768 -0.010429 1.208907 -2.040347 -7.988201
9.660000 0.009971 -0.052740 -0.010348 0.891006 -2.239141 -7.843311
9.670000 0.010016 -0.052710 -0.010262 1.041001 -2.556986 -7.837000
9.680000 0.010055 -0.052682 -0.010178 0.631482 -2.764368 -7.612118
9.690000 0.010115 -0.052653 -0.010098 0.136425 -2.882746 -7.379731
9.700000 0.010167 -0.052622 -0.010012 0.352376 -3.073966 -7.395237
9.710000 0.010205 -0.052590 -0.009920 0.285570 -3.197301 -7.377908
9.720000 0.010261 -0.052557 -0.009835 -0.140594 -3.212857 -7.277588
9.730000 0.010321 -0.052522 -0.009749 0.101526 -3.241699 -7.417914
9.740000 0.010361 -0.052487 -0.009660 0.434708 -3.334673 -7.609298
9.750000 0.010410 -0.052451 -0.009579 0.166819 -3.300016 -7.588262
9.760000 0.010475 -0.052414 -0.009500 0.296481 -3.216677 -7.689468
9.770000 0.010520 -0.052376 -0.009421 0.847868 -3.211706 -7.891446
9.780000 0.010565 -0.052336 -0.009348 0.736969 -3.159487 -7.863969
9.790000 0.010631 -0.052297 -0.009286 0.650356 -3.021485 -7.757944
9.800000 0.010683 -0.052257 -0.009224 1.157815 -2.958825 -7.779578
9.810000 0.010725 -0.052215 -0.009162 1.220902 -2.931545 -7.687761
9.820000 0.010790 -0.052169 -0.009104 0.879795 -2.746858 -7.455226
9.830000 0.010851 -0.052121 -0.009045 1.228854 -2.685328 -7.381286
9.840000 0.010896 -0.052072 -0.008982 1.425676 -2.705052 -7.353500
9.850000 0.010955 -0.052020 -0.008923 1.016466 -2.589007 -7.212024
9.860000 0.011022 -0.051968 -0.008868 1.127836 -2.533852 -7.157989
9.870000 0.011070 -0.051917 -0.008814 1.401163 -2.570423 -7.225522
9.880000 0.011120 -0.051864 -0.008762 1.164258 -2.553506 -7.200979
9.890000 0.011187 -0.051808 -0.008712 1.059493 -2.514405 -7.141892
9.900000 0.011239 -0.051751 -0.008662 1.442864 -2.624574 -7.202056
9.910000 0.011287 -0.051693 -0.008612 1.384812 -2.789943 -7.219282
9.920000 0.011355 -0.051631 -0.008564 1.158666 -2.911426 -7.132238
9.930000 0.011416 -0.051570 -0.008517 1.454599 -3.102322 -7.136003
9.940000 0.011470 -0.051509 -0.008467 1.368629 -3.353607 -7.145705
9.950000 0.011541 -0.051444 -0.008422 0.926626 -3.596058 -7.030205
9.960000 0.011613 -0.051380 -0.008375 0.909617 -3.820007 -6.948276
9.970000 0.011674 -0.051317 -0.008330 0.676992 -4.114241 -6.871537
9.980000 0.011748 -0.051252 -0.008282 0.068518 -4.362338 -6.767608
9.990000 0.011826 -0.051184 -0.008233 -0.166853 -4.610466 -6.639494
10.000000 0.011890 -0.051119 -0.008180 -0.294279 -4.872408 -6.544623
10.010000 0.011962 -0.051052 -0.008127 -0.804221 -5.143298 -6.469022
10.020000 0.012042 -0.050984 -0.008070 -0.942492 -5.327242 -6.414235
10.030000 0.012108 -0.050917 -0.008009 -0.795787 -5.531131 -6.366926
10.040000 0.012176 -0.050853 -0.007950 -0.956988 -5.670108 -6.339195
10.050000 0.012256 -0.050784 -0.007885 -0.938593 -5.761166 -6.365627
10.060000 0.012325 -0.050715 -0.007817 -0.513141 -5.800739 -6.381168
10.070000 0.012394 -0.050647 -0.007747 -0.393541 -5.833470 -6.364037
10.080000 0.012476 -0.050575 -0.007673 -0.293578 -5.785329 -6.393035
10.090000 0.012551 -0.050501 -0.007595 0.228658 -5.731464 -6.431759
10.100000 0.012620 -0.050429 -0.007517 0.480284 -5.659028 -6.392807
10.110000 0.012703 -0.050354 -0.007443 0.512629 -5.547092 -6.340156
10.120000 0.012782 -0.050279 -0.007370 0.998573 -5.424542 -6.321259
10.130000 0.012852 -0.050205 -0.007297 1.298061 -5.313283 -6.230365
10.140000 0.012932 -0.050128 -0.007228 1.259817 -5.160018 -6.098465
10.150000 0.013014 -0.050048 -0.007160 1.616595 -5.055086 -6.005866
10.160000 0.013085 -0.049970 -0.007087 1.942095 -4.929222 -5.929979
10.170000 0.013163 -0.049887 -0.007016 1.817834 -4.872705 -5.797337
10.180000 0.013249 -0.049802 -0.006947 1.963379 -4.838471 -5.728214
10.190000 0.013320 -0.049718 -0.006879 2.231690 -4.834982 -5.712162
10.200000 0.013394 -0.049633 -0.006819 2.041159 -4.890190 -5.632529
10.210000 0.013477 -0.049547 -0.006766 1.947460 -4.917897 -5.597136
10.220000 0.013547 -0.049460 -0.006715 2.151752 -5.038093 -5.590304
10.230000 0.013615 -0.049373 -0.006676 1.908797 -5.222331 -5.516410
10.240000 0.013692 -0.049283 -0.006643 1.688017 -5.398870 -5.458316
10.250000 0.013758 -0.049191 -0.006614 1.878210 -5.639491 -5.446332
10.260000 0.013817 -0.049101 -0.006596 1.723312 -5.950055 -5.370890
10.270000 0.013887 -0.049007 -0.006586 1.443121 -6.276821 -5.286690
10.280000 0.013950 -0.048912 -0.006579 1.609744 -6.614378 -5.256743
10.290000 0.014002 -0.048821 -0.006579 1.548271 -6.954345 -5.190510
10.300000 0.014063 -0.048726 -0.006584 1.239049 -7.267866 -5.106194
10.310000 0.014121 -0.048629 -0.006591 1.331030 -7.520974 -5.089242
10.320000 0.014165 -0.048536 -0.006601 1.378075 -7.728334 -5.069027
10.330000 0.014217 -0.048441 -0.006614 1.125482 -7.898787 -5.013336
10.340000 0.014268 -0.048345 -0.006629 1.236179 -7.951493 -5.018845
10.350000 0.014307 -0.048255 -0.006645 1.444729 -7.890503 -5.036957
10.360000 0.014352 -0.048163 -0.006665 1.347373 -7.794543 -5.003994
10.370000 0.014400 -0.048069 -0.006680 1.543835 -7.561418 -5.030520
10.380000 0.014438 -0.047977 -0.006689 1.954189 -7.233434 -5.086854
10.390000 0.014480 -0.047883 -0.006695 2.046798 -6.867790 -5.115167
10.400000 0.014530 -0.047783 -0.006694 2.311342 -6.466915 -5.193086
10.410000 0.014572 -0.047685 -0.006688 2.869460 -6.004443 -5.329392
10.420000 0.014616 -0.047587 -0.006685 3.078467 -5.558584 -5.417149
10.430000 0.014669 -0.047486 -0.006684 3.288191 -5.122114 -5.506220
10.440000 0.014716 -0.047389 -0.006685 3.783207 -4.618702 -5.630010
10.450000 0.014762 -0.047292 -0.006691 3.962801 -4.190161 -5.678293
10.460000 0.014815 -0.047192 -0.006698 4.051814 -3.779583 -5.697303
10.470000 0.014864 -0.047091 -0.006702 4.402540 -3.377144 -5.744275
10.480000 0.014910 -0.046988 -0.006706 4.593960 -3.076096 -5.753751
10.490000 0.014960 -0.046881 -0.006707 4.665340 -2.893163 -5.741946
10.500000 0.015008 -0.046774 -0.006707 4.991269 -2.748863 -5.771019
10.510000 0.015052 -0.046667 -0.006708 5.233557 -2.731824 -5.782407
10.520000 0.015099 -0.046557 -0.006708 5.320444 -2.812640 -5.768022
10.530000 0.015146 -0.046449 -0.006709 5.579787 -2.892837 -5.776561
10.540000 0.015189 -0.046339 -0.006709 5.771397 -3.076957 -5.768836
10.550000 0.015235 -0.046228 -0.006707 5.764545 -3.319944 -5.730074
10.560000 0.015283 -0.046116 -0.006702 5.821017 -3.593335 -5.702014
10.570000 0.015326 -0.046006 -0.006694 5.859656 -3.865862 -5.680446
10.580000 0.015372 -0.045894 -0.006681 5.679318 -4.194182 -5.635227
10.590000 0.015419 -0.045782 -0.006667 5.528780 -4.505766 -5.608880
10.600000 0.015460 -0.045672 -0.006652 5.432222 -4.780298 -5.611279
10.610000 0.015501 -0.045562 -0.006636 5.173421 -5.085918 -5.597494
10.620000 0.015543 -0.045453 -0.006623 4.995622 -5.316750 -5.597418
10.630000 0.015577 -0.045348 -0.006613 4.978084 -5.466509 -5.617758
10.640000 0.015610 -0.045246 -0.006607 4.855660 -5.599984 -5.615905
10.650000 0.015643 -0.045145 -0.006606 4.808149 -5.625002 -5.623128
10.660000 0.015671 -0.045047 -0.006607 4.966888 -5.556811 -5.650217
10.670000 0.015696 -0.044950 -0.006611 5.107991 -5.429365 -5.667044
10.680000 0.015721 -0.044854 -0.006617 5.309382 -5.250200 -5.690786
10.690000 0.015743 -0.044756 -0.006620 5.659944 -5.009381 -5.741089
10.700000 0.015763 -0.044661 -0.006625 5.992771 -4.725091 -5.791738
10.710000 0.015782 -0.044567 -0.006633 6.318707 -4.365253 -5.857164
10.720000 0.015801 -0.044474 -0.006643 6.686458 -3.974742 -5.925163
10.730000 0.015819 -0.044384 -0.006654 7.016275 -3.518078 -5.995300
10.740000 0.015839 -0.044292 -0.006659 7.213195 -3.051289 -6.049514
10.750000 0.015858 -0.044201 -0.006661 7.399808 -2.551868 -6.102437
10.760000 0.015875 -0.044109 -0.006660 7.525695 -2.073270 -6.162970
10.770000 0.015892 -0.044014 -0.006656 7.619946 -1.676820 -6.212235
10.780000 0.015907 -0.043918 -0.006652 7.730256 -1.362678 -6.257709
10.790000 0.015919 -0.043820 -0.006645 7.924576 -1.167281 -6.292541
10.800000 0.015928 -0.043721 -0.006641 8.118281 -1.075140 -6.310181
10.810000 0.015936 -0.043623 -0.006641 8.392136 -1.104572 -6.307776
10.820000 0.015942 -0.043524 -0.006637 8.697037 -1.240843 -6.289018
10.830000 0.015947 -0.043423 -0.006633 8.958369 -1.496135 -6.242264
10.840000 0.015952 -0.043323 -0.006627 9.170702 -1.804517 -6.203626
10.850000 0.015958 -0.043222 -0.006616 9.333362 -2.206481 -6.155843
10.860000 0.015964 -0.043123 -0.006607 9.363353 -2.616203 -6.108222
10.870000 0.015970 -0.043024 -0.006596 9.283036 -3.082186 -6.068022
10.880000 0.015976 -0.042928 -0.006584 9.088324 -3.511872 -6.022146
10.890000 0.015981 -0.042835 -0.006580 8.734293 -3.941450 -5.960480
10.900000 0.015985 -0.042744 -0.006576 8.326168 -4.326254 -5.899637
10.910000 0.015988 -0.042653 -0.006571 7.849425 -4.687063 -5.822041
10.920000 0.015989 -0.042563 -0.006567 7.411842 -5.000511 -5.752572
10.930000 0.015989 -0.042474 -0.006560 6.990664 -5.271038 -5.681357
10.940000 0.015989 -0.042389 -0.006553 6.564199 -5.454530 -5.630941
10.950000 0.015988 -0.042305 -0.006545 6.274722 -5.582183 -5.610825
10.960000 0.015986 -0.042225 -0.006539 6.029713 -5.613999 -5.604830
10.970000 0.015984 -0.042148 -0.006535 5.833742 -5.560040 -5.619875
10.980000 0.015980 -0.042072 -0.006531 5.793052 -5.403648 -5.647191
10.990000 0.015973 -0.041996 -0.006528 5.862024 -5.220697 -5.684539
11.000000 0.015966 -0.041922 -0.006528 6.020181 -4.966711 -5.742353
11.010000 0.015958 -0.041849 -0.006530 6.343061 -4.687655 -5.793199
11.020000 0.015949 -0.041779 -0.006539 6.749765 -4.356983 -5.847218
11.030000 0.015942 -0.041709 -0.006546 7.171569 -4.029779 -5.898320
11.040000 0.015935 -0.041642 -0.006558 7.621482 -3.647097 -5.936723
11.050000 0.015929 -0.041576 -0.006569 8.038217 -3.240053 -5.982474
11.060000 0.015928 -0.041509 -0.006577 8.333953 -2.843142 -6.018483
11.070000 0.015927 -0.041442 -0.006579 8.565847 -2.452477 -6.067947
11.080000 0.015927 -0.041373 -0.006577 8.695871 -2.127380 -6.112185
11.090000 0.015929 -0.041302 -0.006568 8.747848 -1.827553 -6.171594
11.100000 0.015932 -0.041230 -0.006562 8.740652 -1.662416 -6.211916
11.110000 0.015932 -0.041158 -0.006555 8.714465 -1.576795 -6.249720
11.120000 0.015932 -0.041086 -0.006552 8.696892 -1.609448 -6.266523
11.130000 0.015932 -0.041017 -0.006553 8.685344 -1.692668 -6.266869
11.140000 0.015931 -0.040947 -0.006556 8.695621 -1.899908 -6.241543
11.150000 0.015929 -0.040878 -0.006559 8.719798 -2.145660 -6.193528
11.160000 0.015926 -0.040809 -0.006561 8.764588 -2.464773 -6.136095
11.170000 0.015925 -0.040742 -0.006560 8.784921 -2.777478 -6.080496
11.180000 0.015922 -0.040674 -0.006557 8.823845 -3.141714 -6.034740
11.190000 0.015920 -0.040607 -0.006553 8.810780 -3.524758 -5.989669
11.200000 0.015916 -0.040542 -0.006548 8.832650 -3.864020 -5.965588
11.210000 0.015914 -0.040479 -0.006546 8.782391 -4.219093 -5.943315
11.220000 0.015910 -0.040418 -0.006546 8.751403 -4.528224 -5.927938
11.230000 0.015905 -0.040360 -0.006548 8.665300 -4.768829 -5.901303
11.240000 0.015900 -0.040303 -0.006552 8.579937 -4.955261 -5.871459
11.250000 0.015895 -0.040251 -0.006555 8.492366 -5.018500 -5.852870
11.260000 0.015888 -0.040198 -0.006555 8.406614 -5.043239 -5.829891
11.270000 0.015881 -0.040148 -0.006556 8.334381 -4.954434 -5.816720
11.280000 0.015874 -0.040098 -0.006554 8.308083 -4.805546 -5.833451
11.290000 0.015867 -0.040052 -0.006552 8.273301 -4.548037 -5.872954
11.300000 0.015859 -0.040007 -0.006551 8.273285 -4.264530 -5.913294
11.310000 0.015850 -0.039963 -0.006553 8.308375 -3.906348 -5.964107
11.320000 0.015840 -0.039919 -0.006555 8.392565 -3.523156 -6.022687
11.330000 0.015831 -0.039875 -0.006557 8.495240 -3.143214 -6.074220
11.340000 0.015819 -0.039829 -0.006558 8.709614 -2.792374 -6.124004
11.350000 0.015807 -0.039781 -0.006561 8.969352 -2.502638 -6.168370
11.360000 0.015795 -0.039734 -0.006562 9.238218 -2.228732 -6.212979
11.370000 0.015782 -0.039686 -0.006565 9.578502 -2.074739 -6.252097
11.380000 0.015767 -0.039637 -0.006569 9.964876 -1.942445 -6.283012
11.390000 0.015751 -0.039589 -0.006572 10.358634 -1.881682 -6.308498
11.400000 0.015734 -0.039540 -0.006579 10.828242 -1.859489 -6.331990
11.410000 0.015712 -0.039492 -0.006589 11.330115 -1.893517 -6.346545
11.420000 0.015691 -0.039445 -0.006601 11.793708 -1.991327 -6.331559
11.430000 0.015669 -0.039399 -0.006617 12.282724 -2.088013 -6.330102
11.440000 0.015645 -0.039355 -0.006633 12.689407 -2.196214 -6.313558
11.450000 0.015621 -0.039312 -0.006654 13.000525 -2.284846 -6.274731
11.460000 0.015597 -0.039268 -0.006666 13.268661 -2.344713 -6.260470
11.470000 0.015570 -0.039225 -0.006678 13.408549 -2.428448 -6.220309
11.480000 0.015546 -0.039183 -0.006690 13.370617 -2.469629 -6.192628
11.490000 0.015519 -0.039141 -0.006699 13.333668 -2.492027 -6.183222
11.500000 0.015493 -0.039101 -0.006705 13.141595 -2.478531 -6.168136
11.510000 0.015467 -0.039063 -0.006714 12.861677 -2.438831 -6.144267
11.520000 0.015441 -0.039026 -0.006719 12.508632 -2.334545 -6.129205
11.530000 0.015413 -0.038992 -0.006730 12.107125 -2.192743 -6.083475
11.540000 0.015383 -0.038959 -0.006738 11.738650 -2.029092 -6.046926
11.550000 0.015352 -0.038925 -0.006749 11.404067 -1.868674 -5.989508
11.560000 0.015319 -0.038893 -0.006758 11.142870 -1.712782 -5.936239
11.570000 0.015285 -0.038862 -0.006769 11.014753 -1.573291 -5.872691
11.580000 0.015251 -0.038832 -0.006782 10.988142 -1.430537 -5.822714
11.590000 0.015215 -0.038804 -0.006797 11.053936 -1.295985 -5.773783
11.600000 0.015182 -0.038777 -0.006816 11.147873 -1.168347 -5.716183
11.610000 0.015147 -0.038753 -0.006838 11.338270 -1.051873 -5.665823
11.620000 0.015114 -0.038731 -0.006862 11.523962 -0.942581 -5.605295
11.630000 0.015082 -0.038712 -0.006893 11.682386 -0.818360 -5.555849
11.640000 0.015051 -0.038697 -0.006929 11.878514 -0.682106 -5.496196
11.650000 0.015021 -0.038686 -0.006971 11.987394 -0.526878 -5.430343
11.660000 0.014991 -0.038678 -0.007022 12.068438 -0.357511 -5.350665
11.670000 0.014963 -0.038675 -0.007076 12.072434 -0.143593 -5.272086
11.680000 0.014935 -0.038676 -0.007137 12.060981 0.083918 -5.185379
11.690000 0.014907 -0.038679 -0.007200 12.013816 0.329184 -5.107606
11.700000 0.014878 -0.038685 -0.007267 11.986454 0.589061 -5.045399
11.710000 0.014847 -0.038694 -0.007341 12.034703 0.839139 -4.996077
11.720000 0.014814 -0.038704 -0.007418 12.136873 1.076526 -4.976768
11.730000 0.014780 -0.038714 -0.007495 12.327301 1.284464 -4.971991
11.740000 0.014743 -0.038724 -0.007575 12.605417 1.463622 -4.975104
11.750000 0.014707 -0.038736 -0.007654 12.872858 1.631957 -5.002347
11.760000 0.014670 -0.038747 -0.007733 13.150115 1.777399 -5.028520
11.770000 0.014631 -0.038757 -0.007813 13.390260 1.902452 -5.043745
11.780000 0.014591 -0.038766 -0.007891 13.571000 2.005269 -5.045525
11.790000 0.014550 -0.038776 -0.007966 13.670133 2.091281 -5.033598
11.800000 0.014506 -0.038782 -0.008041 13.720251 2.145132 -5.007089
11.810000 0.014462 -0.038788 -0.008112 13.748419 2.199033 -4.994497
11.820000 0.014415 -0.038792 -0.008181 13.726845 2.229628 -4.998681
11.830000 0.014368 -0.038795 -0.008248 13.665845 2.218929 -5.017822
11.840000 0.014321 -0.038799 -0.008316 13.562029 2.197746 -5.068472
11.850000 0.014273 -0.038804 -0.008385 13.393539 2.163888 -5.147225
11.860000 0.014224 -0.038811 -0.008458 13.162558 2.146090 -5.234952
11.870000 0.014173 -0.038821 -0.008538 12.945770 2.147996 -5.324320
11.880000 0.014122 -0.038833 -0.008621 12.653717 2.154374 -5.400305
11.890000 0.014070 -0.038846 -0.008710 12.354389 2.185478 -5.448544
11.900000 0.014018 -0.038862 -0.008801 12.023999 2.248020 -5.479046
11.910000 0.013966 -0.038879 -0.008894 11.629599 2.316052 -5.484980
11.920000 0.013915 -0.038898 -0.008988 11.176557 2.380980 -5.472235
11.930000 0.013864 -0.038917 -0.009084 10.725123 2.472482 -5.455408
11.940000 0.013812 -0.038938 -0.009180 10.248697 2.563214 -5.430943
11.950000 0.013759 -0.038961 -0.009279 9.806870 2.660706 -5.394981
11.960000 0.013704 -0.038983 -0.009378 9.407099 2.727417 -5.348383
11.970000 0.013648 -0.039006 -0.009475 9.117581 2.841187 -5.314845
11.980000 0.013592 -0.039029 -0.009569 8.858657 2.910224 -5.261900
11.990000 0.013536 -0.039053 -0.009660 8.643403 2.954683 -5.214107
12.000000 0.013480 -0.039077 -0.009747 8.534660 3.054517 -5.188711
12.010000 0.013423 -0.039102 -0.009829 8.428418 3.147422 -5.177028
12.020000 0.013367 -0.039127 -0.009907 8.344790 3.242797 -5.173146
12.030000 0.013311 -0.039154 -0.009980 8.309417 3.394344 -5.213607
12.040000 0.013254 -0.039181 -0.010048 8.272714 3.527286 -5.258353
12.050000 0.013198 -0.039208 -0.010113 8.236480 3.693912 -5.328086
12.060000 0.013142 -0.039237 -0.010174 8.240721 3.876679 -5.398112
12.070000 0.013087 -0.039268 -0.010234 8.217721 4.070767 -5.469682
12.080000 0.013034 -0.039301 -0.010291 8.187827 4.263057 -5.521332
12.090000 0.012981 -0.039335 -0.010348 8.137647 4.441958 -5.535549
12.100000 0.012930 -0.039372 -0.010404 8.099402 4.607519 -5.517525
12.110000 0.012878 -0.039410 -0.010458 8.107480 4.775291 -5.481656
12.120000 0.012827 -0.039449 -0.010511 8.127131 4.879180 -5.413097
12.130000 0.012778 -0.039491 -0.010562 8.174343 4.952154 -5.332921
12.140000 0.012730 -0.039534 -0.010612 8.220280 4.980743 -5.251100
12.150000 0.012684 -0.039581 -0.010662 8.259874 5.003399 -5.166610
12.160000 0.012640 -0.039632 -0.010712 8.304438 5.008014 -5.055145
12.170000 0.012599 -0.039686 -0.010759 8.224797 5.003612 -4.947385
12.180000 0.012558 -0.039743 -0.010807 8.088008 5.018219 -4.822985
12.190000 0.012519 -0.039804 -0.010851 7.843597 5.054681 -4.702019
12.200000 0.012480 -0.039866 -0.010896 7.580314 5.103574 -4.569393
12.210000 0.012442 -0.039930 -0.010941 7.198317 5.152751 -4.426697
12.220000 0.012404 -0.039997 -0.010987 6.790129 5.225586 -4.270346
12.230000 0.012367 -0.040066 -0.011032 6.352043 5.305062 -4.111460
12.240000 0.012329 -0.040136 -0.011078 5.885712 5.392229 -3.921474
12.250000 0.012291 -0.040206 -0.011123 5.405842 5.472326 -3.765374
12.260000 0.012254 -0.040276 -0.011168 4.929387 5.521022 -3.585228
12.270000 0.012217 -0.040348 -0.011213 4.492300 5.573574 -3.444543
12.280000 0.012179 -0.040419 -0.011259 4.086329 5.585591 -3.319150
12.290000 0.012140 -0.040491 -0.011305 3.715384 5.580356 -3.217272
12.300000 0.012099 -0.040563 -0.011353 3.472789 5.551103 -3.128873
12.310000 0.012058 -0.040634 -0.011402 3.281199 5.453645 -3.064845
12.320000 0.012016 -0.040705 -0.011453 3.199164 5.341705 -3.037680
12.330000 0.011974 -0.040777 -0.011504 3.176921 5.200475 -3.051439
12.340000 0.011931 -0.040849 -0.011556 3.233722 5.059287 -3.092116
12.350000 0.011887 -0.040923 -0.011611 3.352591 4.896520 -3.133328
12.360000 0.011843 -0.040998 -0.011669 3.460219 4.764035 -3.192475
12.370000 0.011797 -0.041075 -0.011729 3.635911 4.649576 -3.240257
12.380000 0.011752 -0.041153 -0.011793 3.782537 4.535956 -3.236851
12.390000 0.011706 -0.041231 -0.011859 3.924758 4.458578 -3.211877
12.400000 0.011658 -0.041310 -0.011928 4.040383 4.414047 -3.123735
12.410000 0.011610 -0.041390 -0.011997 4.202850 4.413565 -3.018744
12.420000 0.011561 -0.041469 -0.012065 4.315543 4.426623 -2.909706
12.430000 0.011512 -0.041548 -0.012134 4.449341 4.482449 -2.825886
12.440000 0.011459 -0.041627 -0.012200 4.641933 4.572639 -2.791288
12.450000 0.011407 -0.041706 -0.012265 4.808269 4.706775 -2.802986
12.460000 0.011355 -0.041785 -0.012328 5.011968 4.884100 -2.936109
12.470000 0.011300 -0.041861 -0.012388 5.257237 5.042827 -3.137021
12.480000 0.011245 -0.041939 -0.012450 5.454498 5.261087 -3.410350
12.490000 0.011189 -0.042015 -0.012512 5.697013 5.435656 -3.696463
12.500000 0.011131 -0.042090 -0.012571 5.943341 5.640548 -4.067581
12.510000 0.011073 -0.042165 -0.012629 6.118244 5.820052 -4.401318
12.520000 0.011014 -0.042237 -0.012684 6.289367 5.975483 -4.741313
12.530000 0.010957 -0.042309 -0.012737 6.378315 6.098511 -5.045375
12.540000 0.010899 -0.042377 -0.012787 6.403029 6.144766 -5.265725
12.550000 0.010842 -0.042445 -0.012832 6.283707 6.179360 -5.459735
12.560000 0.010784 -0.042509 -0.012872 6.114808 6.126051 -5.596024
12.570000 0.010726 -0.042571 -0.012905 5.896283 6.038495 -5.727994
12.580000 0.010669 -0.042631 -0.012932 5.576447 5.871079 -5.819374
12.590000 0.010612 -0.042690 -0.012953 5.256366 5.687345 -5.913493
12.600000 0.010554 -0.042747 -0.012968 4.935641 5.441600 -6.011934
12.610000 0.010498 -0.042804 -0.012977 4.599217 5.190832 -6.108483
12.620000 0.010442 -0.042862 -0.012981 4.328754 4.905453 -6.223788
12.630000 0.010388 -0.042919 -0.012979 4.091436 4.607356 -6.336686
12.640000 0.010336 -0.042974 -0.012969 3.893034 4.281279 -6.519241
12.650000 0.010286 -0.043029 -0.012952 3.741303 3.944219 -6.734652
12.660000 0.010237 -0.043084 -0.012930 3.706476 3.571593 -7.004638
12.670000 0.010191 -0.043140 -0.012904 3.661403 3.202801 -7.261139
12.680000 0.010148 -0.043199 -0.012875 3.710355 2.850834 -7.548234
12.690000 0.010106 -0.043262 -0.012847 3.734660 2.552197 -7.748630
12.700000 0.010065 -0.043328 -0.012817 3.772277 2.305299 -7.911867
12.710000 0.010026 -0.043397 -0.012786 3.842567 2.155425 -8.038149
12.720000 0.009987 -0.043467 -0.012751 3.930534 2.045852 -8.137137
12.730000 0.009948 -0.043536 -0.012714 4.046864 2.015133 -8.250218
12.740000 0.009910 -0.043607 -0.012678 4.145391 2.069363 -8.348597
12.750000 0.009871 -0.043680 -0.012642 4.283038 2.208467 -8.495662
12.760000 0.009835 -0.043755 -0.012608 4.313872 2.425351 -8.598328
12.770000 0.009799 -0.043830 -0.012575 4.373447 2.691472 -8.694249
12.780000 0.009763 -0.043905 -0.012542 4.392287 3.016852 -8.790414
12.790000 0.009727 -0.043978 -0.012513 4.344651 3.329872 -8.823649
12.800000 0.009691 -0.044048 -0.012482 4.303496 3.629331 -8.878588
12.810000 0.009655 -0.044115 -0.012453 4.274359 3.875020 -8.908695
12.820000 0.009619 -0.044182 -0.012426 4.262614 4.075061 -8.934582
12.830000 0.009583 -0.044245 -0.012401 4.245499 4.200440 -8.960543
12.840000 0.009547 -0.044309 -0.012378 4.276742 4.264301 -8.988091
12.850000 0.009512 -0.044372 -0.012361 4.251598 4.270960 -8.977818
12.860000 0.009477 -0.044435 -0.012346 4.251771 4.229219 -8.971930
12.870000 0.009443 -0.044495 -0.012334 4.179368 4.099773 -8.895161
12.880000 0.009412 -0.044552 -0.012324 4.054143 3.907238 -8.786510
12.890000 0.009381 -0.044608 -0.012315 3.885377 3.637804 -8.684326
12.900000 0.009351 -0.044662 -0.012309 3.674664 3.315130 -8.585284
12.910000 0.009322 -0.044716 -0.012305 3.432489 2.954123 -8.521032
12.920000 0.009295 -0.044768 -0.012303 3.154510 2.540560 -8.479518
12.930000 0.009268 -0.044820 -0.012302 2.852923 2.114293 -8.460971
12.940000 0.009241 -0.044872 -0.012303 2.532007 1.703896 -8.456425
12.950000 0.009216 -0.044924 -0.012303 2.199690 1.312912 -8.464443
12.960000 0.009192 -0.044975 -0.012303 1.861225 0.961675 -8.488191
12.970000 0.009169 -0.045026 -0.012302 1.535184 0.640907 -8.509620
12.980000 0.009146 -0.045077 -0.012301 1.240557 0.392943 -8.538311
12.990000 0.009124 -0.045127 -0.012299 0.980613 0.198279 -8.560659
13.000000 0.009101 -0.045179 -0.012299 0.757192 0.053893 -8.556989
13.010000 0.009080 -0.045230 -0.012299 0.586251 0.018801 -8.551743
13.020000 0.009060 -0.045280 -0.012300 0.469809 0.058356 -8.551161
13.030000 0.009040 -0.045330 -0.012299 0.393856 0.170043 -8.571301
13.040000 0.009021 -0.045378 -0.012297 0.353127 0.367320 -8.641749
13.050000 0.009004 -0.045423 -0.012292 0.419724 0.633717 -8.788043
13.060000 0.008986 -0.045466 -0.012285 0.524171 0.955107 -8.999952
13.070000 0.008972 -0.045506 -0.012277 0.663255 1.276720 -9.252578
13.080000 0.008957 -0.045543 -0.012269 0.886682 1.611663 -9.534123
13.090000 0.008943 -0.045577 -0.012262 1.117822 1.917342 -9.792986
13.100000 0.008929 -0.045610 -0.012255 1.390987 2.238230 -10.048314
13.110000 0.008917 -0.045639 -0.012247 1.717423 2.497991 -10.243668
13.120000 0.008905 -0.045666 -0.012239 2.054944 2.741053 -10.405808
13.130000 0.008894 -0.045690 -0.012229 2.389282 2.961296 -10.560229
13.140000 0.008886 -0.045712 -0.012218 2.711634 3.141119 -10.698175
13.150000 0.008879 -0.045732 -0.012206 2.980119 3.268093 -10.829924
13.160000 0.008873 -0.045750 -0.012192 3.201948 3.370658 -10.978678
13.170000 0.008870 -0.045764 -0.012176 3.401064 3.410646 -11.119016
13.180000 0.008866 -0.045775 -0.012159 3.595261 3.425208 -11.268127
13.190000 0.008865 -0.045783 -0.012140 3.720624 3.350163 -11.401093
13.200000 0.008865 -0.045788 -0.012120 3.838315 3.199082 -11.512912
13.210000 0.008865 -0.045789 -0.012100 3.904456 3.003553 -11.592980
13.220000 0.008869 -0.045790 -0.012080 3.887811 2.763333 -11.610615
13.230000 0.008875 -0.045790 -0.012062 3.804703 2.489633 -11.559081
13.240000 0.008884 -0.045791 -0.012044 3.573939 2.225340 -11.433578
13.250000 0.008896 -0.045792 -0.012026 3.194326 1.977847 -11.244089
13.260000 0.008911 -0.045793 -0.012007 2.699414 1.773446 -11.014407
13.270000 0.008929 -0.045793 -0.011986 2.090994 1.619173 -10.768486
13.280000 0.008949 -0.045792 -0.011962 1.446829 1.503640 -10.542407
13.290000 0.008971 -0.045791 -0.011934 0.807471 1.417234 -10.361835
13.300000 0.008994 -0.045790 -0.011902 0.223398 1.371303 -10.252442
13.310000 0.009018 -0.045789 -0.011866 -0.244644 1.342597 -10.226524
13.320000 0.009042 -0.045789 -0.011825 -0.566419 1.364617 -10.313265
13.330000 0.009064 -0.045788 -0.011781 -0.664432 1.402399 -10.484876
13.340000 0.009086 -0.045788 -0.011733 -0.561157 1.477805 -10.722232
13.350000 0.009108 -0.045788 -0.011682 -0.214630 1.565208 -10.998145
13.360000 0.009128 -0.045785 -0.011626 0.365001 1.655055 -11.286950
13.370000 0.009150 -0.045781 -0.011566 1.068416 1.744852 -11.544783
13.380000 0.009174 -0.045777 -0.011504 1.880266 1.804408 -11.719336
13.390000 0.009197 -0.045769 -0.011438 2.812223 1.796990 -11.807420
13.400000 0.009225 -0.045759 -0.011368 3.660232 1.775052 -11.782758
13.410000 0.009255 -0.045750 -0.011296 4.413471 1.730820 -11.607843
13.420000 0.009287 -0.045739 -0.011220 5.058994 1.671310 -11.331235
13.430000 0.009323 -0.045729 -0.011139 5.494081 1.641848 -10.966618
13.440000 0.009362 -0.045721 -0.011057 5.714710 1.663784 -10.522814
13.450000 0.009404 -0.045713 -0.010970 5.713051 1.738795 -10.063936
13.460000 0.009447 -0.045706 -0.010879 5.500763 1.885581 -9.592662
13.470000 0.009493 -0.045701 -0.010787 5.084490 2.101158 -9.160969
13.480000 0.009541 -0.045695 -0.010691 4.538024 2.359203 -8.812128
13.490000 0.009589 -0.045687 -0.010590 3.877365 2.654551 -8.562339
13.500000 0.009639 -0.045679 -0.010488 3.115086 2.952326 -8.396248
13.510000 0.009691 -0.045668 -0.010382 2.373776 3.188332 -8.382596
13.520000 0.009744 -0.045653 -0.010273 1.633799 3.346886 -8.458094
13.530000 0.009798 -0.045635 -0.010166 0.903226 3.396676 -8.579602
13.540000 0.009851 -0.045616 -0.010062 0.330932 3.280416 -8.758449
13.550000 0.009904 -0.045594 -0.009962 -0.131568 3.018220 -8.931945
13.560000 0.009955 -0.045574 -0.009870 -0.466195 2.634932 -9.042667
13.570000 0.010006 -0.045553 -0.009786 -0.676076 2.112061 -9.095615
13.580000 0.010056 -0.045532 -0.009706 -0.710434 1.514658 -9.093713
13.590000 0.010105 -0.045512 -0.009635 -0.675657 0.847412 -8.989435
13.600000 0.010156 -0.045493 -0.009571 -0.556801 0.146783 -8.801890
13.610000 0.010205 -0.045475 -0.009513 -0.355455 -0.496235 -8.590304
13.620000 0.010254 -0.045460 -0.009461 -0.141465 -1.090972 -8.300279
13.630000 0.010303 -0.045445 -0.009414 0.005650 -1.620798 -7.960097
13.640000 0.010352 -0.045431 -0.009368 0.202717 -2.027414 -7.626924
13.650000 0.010400 -0.045417 -0.009321 0.323388 -2.272559 -7.326014
13.660000 0.010448 -0.045402 -0.009274 0.354441 -2.391018 -7.069417
13.670000 0.010496 -0.045386 -0.009225 0.440862 -2.327882 -6.914648
13.680000 0.010542 -0.045370 -0.009173 0.476101 -2.095318 -6.882393
13.690000 0.010585 -0.045352 -0.009123 0.437667 -1.765691 -6.918826
13.700000 0.010627 -0.045333 -0.009074 0.483991 -1.307572 -7.034236
13.710000 0.010667 -0.045314 -0.009027 0.566071 -0.745130 -7.230052
13.720000 0.010703 -0.045292 -0.008984 0.605306 -0.176056 -7.421813
13.730000 0.010741 -0.045267 -0.008943 0.660746 0.420095 -7.628754
13.740000 0.010777 -0.045240 -0.008905 0.823036 0.968069 -7.815149
13.750000 0.010813 -0.045209 -0.008867 0.929613 1.419875 -7.949439
13.760000 0.010851 -0.045175 -0.008831 0.988349 1.770741 -8.034631
13.770000 0.010891 -0.045138 -0.008797 1.029907 2.002104 -8.075885
13.780000 0.010931 -0.045100 -0.008766 1.028181 2.132149 -8.060784
13.790000 0.010973 -0.045059 -0.008736 0.909314 2.086256 -7.968407
13.800000 0.011017 -0.045015 -0.008707 0.761773 1.923929 -7.837192
13.810000 0.011058 -0.044971 -0.008681 0.631466 1.681968 -7.680082
13.820000 0.011099 -0.044925 -0.008657 0.418802 1.314410 -7.478512
13.830000 0.011142 -0.044878 -0.008633 0.197220 0.860872 -7.258714
13.840000 0.011183 -0.044833 -0.008611 0.061126 0.388704 -7.035489
13.850000 0.011223 -0.044789 -0.008592 -0.157886 -0.120871 -6.792296
13.860000 0.011266 -0.044746 -0.008570 -0.456815 -0.570711 -6.590209
13.870000 0.011308 -0.044704 -0.008547 -0.682098 -0.942117 -6.418564
13.880000 0.011349 -0.044661 -0.008521 -1.000823 -1.314111 -6.264978
13.890000 0.011392 -0.044619 -0.008493 -1.419386 -1.602736 -6.152487
13.900000 0.011435 -0.044577 -0.008466 -1.731229 -1.778434 -6.095194
13.910000 0.011474 -0.044538 -0.008443 -2.047888 -1.925231 -6.050332
13.920000 0.011513 -0.044503 -0.008425 -2.393492 -1.970086 -6.009959
13.930000 0.011551 -0.044468 -0.008413 -2.615032 -1.939432 -5.957492
13.940000 0.011584 -0.044438 -0.008409 -2.669134 -1.814024 -5.905806
13.950000 0.011613 -0.044409 -0.008407 -2.671899 -1.627196 -5.821961
13.960000 0.011641 -0.044381 -0.008411 -2.471808 -1.367786 -5.706547
13.970000 0.011664 -0.044354 -0.008422 -1.992334 -1.081615 -5.585702
13.980000 0.011681 -0.044329 -0.008437 -1.391816 -0.770873 -5.452033
13.990000 0.011697 -0.044303 -0.008460 -0.647596 -0.438961 -5.303886
14.000000 0.011708 -0.044281 -0.008490 0.382947 -0.079661 -5.172820
14.010000 0.011715 -0.044259 -0.008522 1.475784 0.276907 -5.041071
14.020000 0.011723 -0.044236 -0.008559 2.535462 0.681136 -4.904733
14.030000 0.011728 -0.044216 -0.008598 3.688779 1.106656 -4.817885
14.040000 0.011731 -0.044195 -0.008637 4.718984 1.531175 -4.748272
14.050000 0.011736 -0.044177 -0.008678 5.525724 2.017007 -4.689129
14.060000 0.011742 -0.044157 -0.008719 6.262566 2.489754 -4.676009
14.070000 0.011745 -0.044139 -0.008763 6.759185 2.932020 -4.642335
14.080000 0.011747 -0.044124 -0.008813 6.992906 3.367036 -4.560701
14.090000 0.011750 -0.044110 -0.008869 7.094215 3.743913 -4.436003
14.100000 0.011746 -0.044096 -0.008929 7.148821 4.011840 -4.254351
14.110000 0.011740 -0.044082 -0.008994 7.020071 4.184628 -3.970740
14.120000 0.011732 -0.044065 -0.009060 6.902987 4.180152 -3.645352
14.130000 0.011720 -0.044047 -0.009124 6.870153 4.020288 -3.301031
14.140000 0.011704 -0.044027 -0.009186 6.823080 3.688848 -2.959221
14.150000 0.011688 -0.044006 -0.009244 6.731359 3.227204 -2.667768
14.160000 0.011668 -0.043986 -0.009302 6.795953 2.672455 -2.463077
14.170000 0.011643 -0.043967 -0.009358 6.870901 2.032373 -2.340953
14.180000 0.011617 -0.043949 -0.009413 6.894486 1.381827 -2.304875
14.190000 0.011586 -0.043932 -0.009471 7.053832 0.739082 -2.353626
14.200000 0.011548 -0.043918 -0.009532 7.246637 0.124196 -2.454806
14.210000 0.011507 -0.043906 -0.009596 7.400996 -0.434334 -2.583899
14.220000 0.011463 -0.043896 -0.009666 7.632886 -0.896760 -2.733743
14.230000 0.011413 -0.043890 -0.009741 7.862771 -1.228864 -2.887694
14.240000 0.011362 -0.043888 -0.009822 7.946815 -1.423555 -2.992702
14.250000 0.011310 -0.043890 -0.009908 7.951348 -1.435648 -3.070233
14.260000 0.011256 -0.043895 -0.009998 7.850452 -1.259009 -3.135290
14.270000 0.011201 -0.043904 -0.010091 7.535444 -0.924571 -3.147272
14.280000 0.011146 -0.043913 -0.010188 7.108210 -0.457434 -3.133721
14.290000 0.011089 -0.043921 -0.010285 6.655698 0.096730 -3.123251
14.300000 0.011030 -0.043928 -0.010384 6.119716 0.676336 -3.097643
14.310000 0.010971 -0.043934 -0.010483 5.595100 1.249097 -3.081224
14.320000 0.010908 -0.043938 -0.010582 5.195421 1.769407 -3.103188
14.330000 0.010843 -0.043939 -0.010682 4.885517 2.194110 -3.101922
14.340000 0.010775 -0.043938 -0.010783 4.705671 2.501868 -3.097609
14.350000 0.010706 -0.043935 -0.010882 4.718629 2.693537 -3.103288
14.360000 0.010634 -0.043929 -0.010982 4.829542 2.756204 -3.075968
14.370000 0.010562 -0.043920 -0.011081 5.029372 2.703742 -3.030368
14.380000 0.010490 -0.043908 -0.011177 5.339857 2.539824 -2.972749
14.390000 0.010417 -0.043893 -0.011268 5.635458 2.280610 -2.902511
14.400000 0.010347 -0.043875 -0.011356 5.902560 1.944703 -2.820574
14.410000 0.010278 -0.043856 -0.011437 6.098485 1.556848 -2.770323
14.420000 0.010210 -0.043833 -0.011513 6.211485 1.113226 -2.752271
14.430000 0.010144 -0.043808 -0.011584 6.180160 0.675426 -2.790061
14.440000 0.010079 -0.043783 -0.011650 6.062227 0.245241 -2.885096
14.450000 0.010013 -0.043757 -0.011714 5.874120 -0.166744 -3.022806
14.460000 0.009950 -0.043733 -0.011776 5.582562 -0.519366 -3.178976
14.470000 0.009887 -0.043707 -0.011832 5.253608 -0.823994 -3.405019
14.480000 0.009824 -0.043683 -0.011886 4.886305 -1.067577 -3.619895
14.490000 0.009763 -0.043659 -0.011935 4.499938 -1.239859 -3.891474
14.500000 0.009703 -0.043634 -0.011979 4.172464 -1.361618 -4.211076
14.510000 0.009644 -0.043609 -0.012018 3.849626 -1.431883 -4.543384
14.520000 0.009588 -0.043585 -0.012052 3.547270 -1.440756 -4.890100
14.530000 0.009533 -0.043559 -0.012080 3.352563 -1.445322 -5.267140
14.540000 0.009481 -0.043533 -0.012104 3.200537 -1.424612 -5.594115
14.550000 0.009431 -0.043506 -0.012123 3.129310 -1.418806 -5.888798
14.560000 0.009383 -0.043479 -0.012138 3.153647 -1.417329 -6.114389
14.570000 0.009339 -0.043453 -0.012149 3.226817 -1.418405 -6.250168
14.580000 0.009299 -0.043428 -0.012154 3.340215 -1.417454 -6.324356
14.590000 0.009261 -0.043402 -0.012157 3.528482 -1.418759 -6.336725
14.600000 0.009227 -0.043377 -0.012151 3.710452 -1.401444 -6.307752
14.610000 0.009197 -0.043352 -0.012142 3.944066 -1.387642 -6.269981
14.620000 0.009171 -0.043328 -0.012127 4.179476 -1.354361 -6.258192
14.630000 0.009148 -0.043303 -0.012107 4.439809 -1.336840 -6.250477
14.640000 0.009129 -0.043280 -0.012087 4.624799 -1.288863 -6.218633
14.650000 0.009114 -0.043257 -0.012063 4.825267 -1.254518 -6.213982
14.660000 0.009102 -0.043236 -0.012038 4.933005 -1.200494 -6.152092
14.670000 0.009094 -0.043216 -0.012011 4.993143 -1.157026 -6.082147
14.680000 0.009089 -0.043195 -0.011981 5.004912 -1.121834 -5.997761
14.690000 0.009087 -0.043173 -0.011949 4.947873 -1.101131 -5.943396
14.700000 0.009086 -0.043151 -0.011915 4.840732 -1.092530 -5.904531
14.710000 0.009087 -0.043128 -0.011882 4.726496 -1.110694 -5.911540
14.720000 0.009088 -0.043105 -0.011849 4.594827 -1.146068 -5.964530
14.730000 0.009092 -0.043082 -0.011818 4.417199 -1.198250 -6.025620
14.740000 0.009095 -0.043058 -0.011788 4.305496 -1.279243 -6.145446
14.750000 0.009098 -0.043034 -0.011759 4.210011 -1.381724 -6.275383
14.760000 0.009101 -0.043011 -0.011732 4.105932 -1.505566 -6.381511
14.770000 0.009105 -0.042985 -0.011704 4.100714 -1.666109 -6.533652
14.780000 0.009107 -0.042958 -0.011675 4.141860 -1.842393 -6.703508
14.790000 0.009109 -0.042932 -0.011648 4.186381 -2.036613 -6.858239
14.800000 0.009111 -0.042903 -0.011620 4.310028 -2.267051 -7.055579
14.810000 0.009113 -0.042875 -0.011594 4.468452 -2.477435 -7.245335
14.820000 0.009115 -0.042849 -0.011570 4.612896 -2.667726 -7.410463
14.830000 0.009116 -0.042822 -0.011548 4.745164 -2.813041 -7.540822
14.840000 0.009116 -0.042796 -0.011527 4.885804 -2.902434 -7.647575
14.850000 0.009116 -0.042770 -0.011508 4.962411 -2.947978 -7.685839
14.860000 0.009116 -0.042742 -0.011488 5.014241 -2.983516 -7.692595
14.870000 0.009115 -0.042713 -0.011466 5.064879 -2.976385 -7.679082
14.880000 0.009114 -0.042684 -0.011445 5.074144 -2.944462 -7.632379
14.890000 0.009112 -0.042655 -0.011423 5.089438 -2.875343 -7.593055
14.900000 0.009109 -0.042627 -0.011399 5.096993 -2.765082 -7.557561
14.910000 0.009107 -0.042598 -0.011374 5.070334 -2.633984 -7.530174
14.920000 0.009105 -0.042568 -0.011347 5.060078 -2.444805 -7.541280
14.930000 0.009103 -0.042539 -0.011319 5.026540 -2.233884 -7.564167
14.940000 0.009101 -0.042507 -0.011286 4.987901 -2.045585 -7.634993
14.950000 0.009101 -0.042475 -0.011253 4.901300 -1.839134 -7.696175
14.960000 0.009101 -0.042442 -0.011216 4.852611 -1.646143 -7.819952
14.970000 0.009104 -0.042408 -0.011179 4.705247 -1.479500 -7.910809
14.980000 0.009108 -0.042372 -0.011139 4.561867 -1.341089 -8.008129
14.990000 0.009113 -0.042335 -0.011097 4.321155 -1.254794 -8.042919
15.000000 0.009122 -0.042299 -0.011054 3.999818 -1.191510 -8.038930
15.010000 0.009133 -0.042259 -0.011007 3.627438 -1.185281 -7.990103
15.020000 0.009147 -0.042219 -0.010958 3.193293 -1.207224 -7.909748
15.030000 0.009162 -0.042177 -0.010904 2.688470 -1.302267 -7.793481
15.040000 0.009182 -0.042135 -0.010847 2.077887 -1.438505 -7.663703
15.050000 0.009203 -0.042092 -0.010785 1.532877 -1.605599 -7.552385
15.060000 0.009224 -0.042050 -0.010719 0.966267 -1.762618 -7.463368
15.070000 0.009248 -0.042006 -0.010648 0.437561 -1.958094 -7.398086
15.080000 0.009272 -0.041964 -0.010575 0.019664 -2.119077 -7.375419
15.090000 0.009297 -0.041921 -0.010498 -0.301439 -2.275370 -7.400719
15.100000 0.009324 -0.041878 -0.010419 -0.563278 -2.405986 -7.454311
15.110000 0.009352 -0.041836 -0.010338 -0.715899 -2.504331 -7.506989
15.120000 0.009383 -0.041796 -0.010254 -0.786264 -2.575914 -7.583179
15.130000 0.009414 -0.041756 -0.010170 -0.819561 -2.604079 -7.631835
15.140000 0.009448 -0.041715 -0.010085 -0.781392 -2.578978 -7.662553
15.150000 0.009484 -0.041675 -0.009997 -0.712642 -2.484151 -7.666369
15.160000 0.009523 -0.041632 -0.009910 -0.633936 -2.395959 -7.644983
15.170000 0.009564 -0.041589 -0.009821 -0.555294 -2.270323 -7.598979
15.180000 0.009606 -0.041546 -0.009733 -0.448508 -2.121987 -7.532751
15.190000 0.009650 -0.041501 -0.009642 -0.341005 -1.914064 -7.499003
15.200000 0.009696 -0.041455 -0.009551 -0.256467 -1.723668 -7.442892
15.210000 0.009743 -0.041408 -0.009463 -0.080212 -1.509908 -7.432545
15.220000 0.009789 -0.041359 -0.009376 0.135423 -1.312927 -7.414413
15.230000 0.009835 -0.041310 -0.009291 0.388565 -1.116186 -7.402899
15.240000 0.009882 -0.041259 -0.009209 0.679586 -0.954962 -7.399661
15.250000 0.009928 -0.041209 -0.009129 1.056719 -0.774364 -7.401260
15.260000 0.009974 -0.041157 -0.009056 1.419891 -0.638346 -7.376387
15.270000 0.010022 -0.041106 -0.008987 1.746188 -0.502885 -7.355164
15.280000 0.010069 -0.041056 -0.008924 2.116274 -0.332539 -7.353165
15.290000 0.010117 -0.041002 -0.008863 2.374526 -0.229894 -7.320931
15.300000 0.010165 -0.040946 -0.008806 2.574524 -0.142022 -7.291959
15.310000 0.010213 -0.040887 -0.008750 2.788160 -0.082900 -7.296275
15.320000 0.010260 -0.040827 -0.008694 2.909040 -0.073706 -7.311893
15.330000 0.010309 -0.040765 -0.008643 2.988518 -0.122895 -7.322703
15.340000 0.010358 -0.040703 -0.008591 3.020253 -0.223306 -7.354731
15.350000 0.010405 -0.040640 -0.008541 3.006454 -0.373983 -7.383317
15.360000 0.010453 -0.040577 -0.008493 2.954693 -0.517039 -7.409373
15.370000 0.010497 -0.040514 -0.008451 2.930289 -0.742707 -7.409069
15.380000 0.010540 -0.040450 -0.008408 2.925607 -0.969332 -7.403072
15.390000 0.010581 -0.040387 -0.008369 2.957043 -1.195225 -7.381474
15.400000 0.010620 -0.040323 -0.008333 3.008279 -1.472338 -7.332699
15.410000 0.010658 -0.040261 -0.008298 3.089790 -1.711986 -7.271983
15.420000 0.010696 -0.040201 -0.008265 3.161502 -1.932472 -7.191524
15.430000 0.010733 -0.040143 -0.008234 3.225195 -2.092926 -7.108780
15.440000 0.010770 -0.040087 -0.008201 3.217721 -2.153271 -7.050380
15.450000 0.010807 -0.040031 -0.008170 3.144864 -2.210258 -6.976831
15.460000 0.010842 -0.039977 -0.008142 3.078229 -2.174226 -6.928828
15.470000 0.010877 -0.039924 -0.008113 3.000160 -2.070893 -6.908467
15.480000 0.010909 -0.039871 -0.008087 2.956678 -1.948491 -6.890530
15.490000 0.010939 -0.039820 -0.008064 2.950981 -1.766695 -6.891554
15.500000 0.010967 -0.039771 -0.008045 2.995111 -1.577590 -6.901195
15.510000 0.010995 -0.039722 -0.008028 3.081669 -1.339725 -6.926407
15.520000 0.011021 -0.039675 -0.008014 3.251127 -1.070996 -6.967560
15.530000 0.011044 -0.039628 -0.008003 3.482741 -0.800934 -7.015087
15.540000 0.011065 -0.039580 -0.007995 3.766856 -0.553346 -7.065122
15.550000 0.011085 -0.039533 -0.007990 4.147627 -0.294185 -7.129101
15.560000 0.011102 -0.039487 -0.007987 4.569233 -0.055452 -7.192540
15.570000 0.011118 -0.039442 -0.007987 5.001560 0.169443 -7.253517
15.580000 0.011134 -0.039398 -0.007990 5.431828 0.403351 -7.309355
15.590000 0.011149 -0.039355 -0.007995 5.786978 0.606319 -7.345703
15.600000 0.011163 -0.039313 -0.008001 6.062444 0.806391 -7.371537
15.610000 0.011177 -0.039271 -0.008007 6.293639 1.001064 -7.398481
15.620000 0.011189 -0.039229 -0.008012 6.447715 1.160214 -7.415521
15.630000 0.011199 -0.039187 -0.008016 6.586057 1.290376 -7.434248
15.640000 0.011207 -0.039145 -0.008020 6.737664 1.371334 -7.454532
15.650000 0.011215 -0.039104 -0.008025 6.873042 1.413376 -7.468786
15.660000 0.011221 -0.039066 -0.008030 7.007514 1.408654 -7.473100
15.670000 0.011228 -0.039031 -0.008037 7.156709 1.390324 -7.467152
15.680000 0.011234 -0.039000 -0.008044 7.234611 1.342375 -7.433637
15.690000 0.011242 -0.038972 -0.008052 7.261132 1.289531 -7.378837
15.700000 0.011249 -0.038949 -0.008060 7.261000 1.271104 -7.311467
15.710000 0.011256 -0.038932 -0.008069 7.186445 1.263681 -7.227466
15.720000 0.011262 -0.038917 -0.008077 7.074864 1.251512 -7.133287
15.730000 0.011268 -0.038904 -0.008086 7.013449 1.273771 -7.051428
15.740000 0.011271 -0.038895 -0.008096 6.959134 1.306000 -6.971311
15.750000 0.011274 -0.038890 -0.008108 6.954843 1.329649 -6.895008
15.760000 0.011274 -0.038890 -0.008122 7.020160 1.385430 -6.826988
15.770000 0.011273 -0.038895 -0.008142 7.077194 1.470250 -6.735855
15.780000 0.011270 -0.038905 -0.008166 7.168472 1.590481 -6.630653
15.790000 0.011265 -0.038920 -0.008193 7.310719 1.766088 -6.509908
15.800000 0.011257 -0.038940 -0.008225 7.465736 2.002019 -6.360759
15.810000 0.011246 -0.038967 -0.008264 7.636490 2.301842 -6.188999
15.820000 0.011234 -0.038996 -0.008305 7.849920 2.644385 -6.018249
15.830000 0.011219 -0.039029 -0.008350 8.064849 3.064083 -5.834866
15.840000 0.011202 -0.039066 -0.008400 8.309747 3.506757 -5.653050
15.850000 0.011185 -0.039102 -0.008452 8.559062 3.952090 -5.471325
15.860000 0.011168 -0.039139 -0.008502 8.791131 4.433852 -5.329982
15.870000 0.011149 -0.039176 -0.008555 8.990818 4.873008 -5.182696
15.880000 0.011131 -0.039210 -0.008610 9.072739 5.212980 -5.024348
15.890000 0.011114 -0.039245 -0.008667 9.109870 5.499829 -4.870101
15.900000 0.011095 -0.039279 -0.008726 9.103743 5.696858 -4.694299
15.910000 0.011074 -0.039310 -0.008789 9.000256 5.746220 -4.497400
15.920000 0.011052 -0.039342 -0.008856 8.869707 5.750940 -4.282042
15.930000 0.011026 -0.039375 -0.008931 8.781693 5.638109 -4.043591
15.940000 0.010997 -0.039409 -0.009014 8.637537 5.441902 -3.781111
15.950000 0.010966 -0.039444 -0.009105 8.535609 5.206974 -3.496440
15.960000 0.010931 -0.039479 -0.009203 8.563311 4.894371 -3.195830
15.970000 0.010894 -0.039514 -0.009303 8.538138 4.579859 -2.916393
15.980000 0.010856 -0.039548 -0.009405 8.517367 4.205232 -2.676928
15.990000 0.010818 -0.039583 -0.009513 8.500553 3.852580 -2.483940
16.000000 0.010778 -0.039621 -0.009624 8.408899 3.498511 -2.368081
16.010000 0.010738 -0.039658 -0.009738 8.242338 3.157396 -2.307371
16.020000 0.010697 -0.039698 -0.009857 8.025131 2.889799 -2.331478
16.030000 0.010655 -0.039743 -0.009984 7.674710 2.685414 -2.365060
16.040000 0.010614 -0.039789 -0.010114 7.249327 2.520538 -2.455828
16.050000 0.010571 -0.039836 -0.010249 6.782312 2.452235 -2.552271
16.060000 0.010528 -0.039888 -0.010392 6.221274 2.448724 -2.628576
16.070000 0.010484 -0.039941 -0.010537 5.607505 2.457111 -2.664516
16.080000 0.010439 -0.039996 -0.010688 4.985123 2.535605 -2.613533
16.090000 0.010393 -0.040054 -0.010840 4.395492 2.641987 -2.527660
16.100000 0.010345 -0.040113 -0.010996 3.845661 2.728313 -2.328281
16.110000 0.010297 -0.040173 -0.011153 3.391222 2.861249 -2.064824
16.120000 0.010247 -0.040236 -0.011312 3.053858 3.003372 -1.736824
16.130000 0.010195 -0.040298 -0.011469 2.853287 3.081632 -1.370524
16.140000 0.010144 -0.040361 -0.011623 2.822595 3.179708 -1.015176
16.150000 0.010094 -0.040424 -0.011771 2.903056 3.252290 -0.741939
16.160000 0.010043 -0.040487 -0.011913 3.172228 3.311191 -0.580475
16.170000 0.009994 -0.040552 -0.012052 3.503294 3.367977 -0.473155
16.180000 0.009948 -0.040617 -0.012186 3.904497 3.392132 -0.497618
16.190000 0.009900 -0.040684 -0.012314 4.394144 3.416157 -0.628627
16.200000 0.009855 -0.040750 -0.012439 4.872508 3.435600 -0.797803
16.210000 0.009811 -0.040820 -0.012563 5.347770 3.473906 -1.018779
16.220000 0.009770 -0.040889 -0.012681 5.804492 3.507012 -1.336582
16.230000 0.009730 -0.040959 -0.012796 6.111474 3.537812 -1.631413
16.240000 0.009695 -0.041029 -0.012907 6.233517 3.584529 -1.912156
16.250000 0.009662 -0.041102 -0.013015 6.276368 3.643598 -2.165874
16.260000 0.009631 -0.041174 -0.013117 6.120340 3.679358 -2.324698
16.270000 0.009603 -0.041247 -0.013218 5.770536 3.680612 -2.314897
16.280000 0.009577 -0.041320 -0.013315 5.340989 3.643172 -2.173185
16.290000 0.009550 -0.041393 -0.013407 4.876712 3.580197 -1.849687
16.300000 0.009525 -0.041466 -0.013496 4.279771 3.439436 -1.361614
16.310000 0.009500 -0.041542 -0.013579 3.799682 3.276436 -0.846202
16.320000 0.009476 -0.041616 -0.013654 3.384386 3.092477 -0.335833
16.330000 0.009451 -0.041692 -0.013725 2.990312 2.891591 0.150324
16.340000 0.009428 -0.041772 -0.013789 2.781347 2.726615 0.505151
16.350000 0.009403 -0.041849 -0.013847 2.735585 2.555206 0.715592
16.360000 0.009378 -0.041930 -0.013899 2.760412 2.434039 0.805443
16.370000 0.009354 -0.042011 -0.013947 2.888004 2.353726 0.745186
16.380000 0.009331 -0.042093 -0.013990 3.202093 2.364102 0.537159
16.390000 0.009308 -0.042179 -0.014032 3.480887 2.417009 0.348657
16.400000 0.009288 -0.042268 -0.014072 3.713900 2.557264 0.133137
16.410000 0.009269 -0.042359 -0.014110 4.011102 2.826615 -0.115915
16.420000 0.009251 -0.042453 -0.014147 4.149643 3.176753 -0.259165
16.430000 0.009235 -0.042548 -0.014183 4.169339 3.597409 -0.345470
16.440000 0.009219 -0.042643 -0.014217 4.232088 4.112387 -0.446735
16.450000 0.009201 -0.042738 -0.014250 4.233790 4.652266 -0.429248
16.460000 0.009185 -0.042835 -0.014283 4.168050 5.220133 -0.313655
16.470000 0.009169 -0.042929 -0.014314 4.185852 5.736303 -0.182416
16.480000 0.009151 -0.043024 -0.014343 4.237365 6.262421 0.041909
16.490000 0.009132 -0.043118 -0.014371 4.233371 6.721694 0.336845
16.500000 0.009115 -0.043209 -0.014396 4.362267 7.101367 0.595653
16.510000 0.009095 -0.043300 -0.014419 4.562504 7.410727 0.896686
16.520000 0.009075 -0.043389 -0.014441 4.704962 7.616351 1.234302
16.530000 0.009056 -0.043478 -0.014461 4.862299 7.744723 1.538269
16.540000 0.009036 -0.043564 -0.014479 5.068029 7.767306 1.791342
16.550000 0.009014 -0.043650 -0.014496 5.189685 7.717001 2.025847
16.560000 0.008995 -0.043736 -0.014512 5.228211 7.594966 2.238945
16.570000 0.008973 -0.043824 -0.014527 5.299763 7.441574 2.349388
16.580000 0.008950 -0.043910 -0.014541 5.205704 7.234695 2.478373
16.590000 0.008929 -0.043999 -0.014554 5.048951 7.010025 2.530178
16.600000 0.008908 -0.044087 -0.014566 4.848049 6.741046 2.554737
16.610000 0.008885 -0.044177 -0.014578 4.535714 6.493068 2.615421
16.620000 0.008864 -0.044268 -0.014590 4.104034 6.196967 2.686581
16.630000 0.008841 -0.044358 -0.014601 3.734370 5.915139 2.730928
16.640000 0.008817 -0.044449 -0.014614 3.314548 5.606765 2.882927
16.650000 0.008791 -0.044540 -0.014626 2.877359 5.279546 3.072561
16.660000 0.008764 -0.044630 -0.014639 2.523588 4.933976 3.299746
16.670000 0.008733 -0.044722 -0.014653 2.230303 4.606669 3.607008
16.680000 0.008702 -0.044815 -0.014669 1.952715 4.274305 3.980773
16.690000 0.008669 -0.044910 -0.014685 1.788796 3.988405 4.356546
16.700000 0.008633 -0.045007 -0.014702 1.702178 3.766206 4.795653
16.710000 0.008595 -0.045107 -0.014720 1.680817 3.614718 5.203894
16.720000 0.008555 -0.045209 -0.014739 1.695300 3.539661 5.633932
16.730000 0.008515 -0.045314 -0.014758 1.800375 3.586445 6.049735
16.740000 0.008473 -0.045421 -0.014776 1.938271 3.700557 6.388703
16.750000 0.008431 -0.045528 -0.014793 2.093415 3.912993 6.632161
16.760000 0.008391 -0.045640 -0.014811 2.263428 4.237758 6.828063
16.770000 0.008351 -0.045752 -0.014827 2.432145 4.614486 6.927045
16.780000 0.008311 -0.045864 -0.014843 2.551838 5.039614 6.977042
16.790000 0.008274 -0.045976 -0.014858 2.642280 5.481436 6.991756
16.800000 0.008236 -0.046087 -0.014871 2.792664 5.915802 6.907641
16.810000 0.008199 -0.046193 -0.014883 2.855507 6.233818 6.868760
16.820000 0.008163 -0.046298 -0.014894 3.008980 6.480474 6.753750
16.830000 0.008126 -0.046400 -0.014904 3.201319 6.604393 6.617802
16.840000 0.008090 -0.046500 -0.014913 3.340851 6.600391 6.522105
16.850000 0.008055 -0.046596 -0.014921 3.497911 6.454457 6.408476
16.860000 0.008020 -0.046689 -0.014928 3.637286 6.158651 6.291036
16.870000 0.007984 -0.046780 -0.014933 3.744061 5.765316 6.150294
16.880000 0.007948 -0.046868 -0.014937 3.791849 5.277647 6.024126
16.890000 0.007911 -0.046956 -0.014942 3.826753 4.719987 5.871146
16.900000 0.007872 -0.047042 -0.014944 3.765179 4.121001 5.724830
16.910000 0.007834 -0.047127 -0.014945 3.609879 3.515443 5.589316
16.920000 0.007794 -0.047210 -0.014945 3.419026 2.922725 5.425702
16.930000 0.007752 -0.047293 -0.014945 3.137370 2.359494 5.274951
16.940000 0.007709 -0.047377 -0.014946 2.763692 1.863294 5.183789
16.950000 0.007666 -0.047459 -0.014946 2.358457 1.398125 5.158231
16.960000 0.007619 -0.047540 -0.014946 1.918823 1.021821 5.219086
16.970000 0.007577 -0.047619 -0.014946 1.385648 0.718405 5.362157
16.980000 0.007532 -0.047699 -0.014944 1.057670 0.496912 5.436656
16.990000 0.007482 -0.047779 -0.014942 0.661719 0.348306 5.543106
17.000000 0.007438 -0.047859 -0.014940 0.180962 0.277831 5.679634
17.010000 0.007395 -0.047941 -0.014941 0.035107 0.343591 5.669988
17.020000 0.007344 -0.048024 -0.014942 -0.031275 0.462410 5.667305
17.030000 0.007298 -0.048108 -0.014946 -0.199999 0.668155 5.747123
17.040000 0.007252 -0.048190 -0.014948 -0.018718 0.941239 5.688502
17.050000 0.007201 -0.048272 -0.014950 0.305358 1.267266 5.608870
17.060000 0.007151 -0.048352 -0.014951 0.554410 1.607396 5.539906
17.070000 0.007107 -0.048427 -0.014952 0.941081 1.954239 5.395648
17.080000 0.007063 -0.048500 -0.014953 1.466688 2.305863 5.181598
17.090000 0.007020 -0.048569 -0.014953 1.811975 2.598493 5.042222
17.100000 0.006983 -0.048634 -0.014953 2.078165 2.888207 4.919196
17.110000 0.006944 -0.048695 -0.014953 2.438452 3.106567 4.778009
17.120000 0.006904 -0.048754 -0.014955 2.605425 3.289509 4.750611
17.130000 0.006869 -0.048810 -0.014958 2.650016 3.429810 4.767766
17.140000 0.006834 -0.048864 -0.014960 2.781338 3.497591 4.797347
17.150000 0.006795 -0.048915 -0.014961 2.807859 3.534721 4.892908
17.160000 0.006761 -0.048963 -0.014963 2.690746 3.478294 5.036906
17.170000 0.006727 -0.049006 -0.014964 2.728182 3.363952 5.126467
17.180000 0.006690 -0.049049 -0.014965 2.715553 3.156617 5.258077
17.190000 0.006658 -0.049088 -0.014966 2.544525 2.843570 5.452489
17.200000 0.006629 -0.049124 -0.014966 2.498559 2.475977 5.581894
17.210000 0.006596 -0.049158 -0.014965 2.452761 2.049140 5.699611
17.220000 0.006569 -0.049193 -0.014963 2.199108 1.605441 5.847219
17.230000 0.006547 -0.049227 -0.014961 2.013159 1.181330 5.915219
17.240000 0.006522 -0.049262 -0.014960 1.868437 0.788672 5.939915
17.250000 0.006499 -0.049299 -0.014959 1.492821 0.448293 6.027529
17.260000 0.006481 -0.049337 -0.014958 1.209368 0.223281 6.055844
17.270000 0.006457 -0.049375 -0.014958 1.065013 0.039779 6.075967
17.280000 0.006433 -0.049413 -0.014959 0.829846 -0.066794 6.156572
17.290000 0.006413 -0.049451 -0.014960 0.718300 -0.114524 6.214916
17.300000 0.006386 -0.049489 -0.014962 0.897538 -0.072872 6.217667
17.310000 0.006358 -0.049526 -0.014966 1.002009 -0.014042 6.283427
17.320000 0.006336 -0.049563 -0.014969 1.182021 0.133460 6.332669
17.330000 0.006311 -0.049598 -0.014971 1.612657 0.350193 6.275997
17.340000 0.006283 -0.049635 -0.014974 1.937646 0.622251 6.260641
17.350000 0.006263 -0.049668 -0.014975 2.168315 0.948084 6.225894
17.360000 0.006242 -0.049701 -0.014975 2.609696 1.380881 6.074901
17.370000 0.006218 -0.049733 -0.014976 2.919002 1.806756 5.965750
17.380000 0.006199 -0.049764 -0.014977 3.063213 2.251243 5.891661
17.390000 0.006181 -0.049791 -0.014977 3.366011 2.666779 5.757692
17.400000 0.006159 -0.049816 -0.014979 3.647405 3.046322 5.694659
17.410000 0.006141 -0.049838 -0.014982 3.774783 3.343522 5.716147
17.420000 0.006125 -0.049855 -0.014985 4.031177 3.519193 5.734873
17.430000 0.006106 -0.049873 -0.014989 4.314767 3.619156 5.809625
17.440000 0.006090 -0.049888 -0.014993 4.401026 3.622996 5.967776
17.450000 0.006079 -0.049902 -0.014996 4.525920 3.556519 6.118802
17.460000 0.006064 -0.049915 -0.014999 4.656900 3.419490 6.306466
17.470000 0.006052 -0.049928 -0.015003 4.574987 3.256553 6.528023
17.480000 0.006044 -0.049938 -0.015005 4.466394 3.041459 6.719934
17.490000 0.006033 -0.049947 -0.015005 4.429759 2.778986 6.862604
