5.000000 0.388139 -0.388558 0.300157 0.067993 0.119304 -0.079955
5.010000 0.388133 -0.388570 0.300157 0.068539 0.119246 -0.080202
5.020000 0.388133 -0.388588 0.300145 0.068649 0.119203 -0.080322
5.030000 0.388151 -0.388588 0.300133 0.068450 0.118896 -0.080310
5.040000 0.388163 -0.388588 0.300115 0.068515 0.118881 -0.079849
5.050000 0.388163 -0.388576 0.300103 0.068566 0.118375 -0.079493
5.060000 0.388157 -0.388546 0.300115 0.068762 0.117810 -0.079174
5.070000 0.388127 -0.388499 0.300145 0.069781 0.117007 -0.078918
5.080000 0.388097 -0.388445 0.300175 0.070929 0.115781 -0.078957
5.090000 0.388079 -0.388385 0.300217 0.072174 0.114467 -0.079362
5.100000 0.388085 -0.388325 0.300259 0.073474 0.113299 -0.079727
5.110000 0.388103 -0.388289 0.300277 0.074401 0.112457 -0.079972
5.120000 0.388127 -0.388247 0.300289 0.074781 0.111368 -0.080288
5.130000 0.388127 -0.388211 0.300283 0.075448 0.110747 -0.080113
5.140000 0.388103 -0.388193 0.300271 0.076111 0.110327 -0.079879
5.150000 0.388085 -0.388169 0.300277 0.076598 0.109830 -0.079832
5.160000 0.388067 -0.388139 0.300295 0.077414 0.109341 -0.079844
5.170000 0.388085 -0.388109 0.300331 0.077646 0.108357 -0.080423
5.180000 0.388139 -0.388091 0.300403 0.077445 0.107493 -0.081815
5.190000 0.388241 -0.388079 0.300498 0.076266 0.106642 -0.083792
5.200000 0.388385 -0.388079 0.300618 0.073916 0.105853 -0.086547
5.210000 0.388558 -0.388085 0.300786 0.070555 0.105495 -0.090113
5.220000 0.388756 -0.388085 0.301044 0.066559 0.105154 -0.095091
5.230000 0.388984 -0.388091 0.301397 0.061798 0.105176 -0.101533
5.240000 0.389248 -0.388085 0.301853 0.056415 0.105127 -0.109888
5.250000 0.389535 -0.388067 0.302356 0.050934 0.105249 -0.119803
5.260000 0.389811 -0.388055 0.302865 0.045565 0.105358 -0.130505
5.270000 0.390092 -0.388037 0.303363 0.040131 0.105312 -0.141426
5.280000 0.390422 -0.388007 0.303890 0.034837 0.105379 -0.152104
5.290000 0.390746 -0.387989 0.304411 0.030342 0.105830 -0.161330
5.300000 0.391075 -0.387941 0.304992 0.025721 0.105686 -0.169957
5.310000 0.391447 -0.387869 0.305634 0.021076 0.105588 -0.177713
5.320000 0.391866 -0.387797 0.306377 0.016951 0.105514 -0.186030
5.330000 0.392321 -0.387708 0.307198 0.012998 0.104686 -0.194562
5.340000 0.392861 -0.387600 0.308066 0.007720 0.103928 -0.202971
5.350000 0.393466 -0.387474 0.309013 0.002824 0.102867 -0.211229
5.360000 0.394059 -0.387348 0.309948 -0.001389 0.101810 -0.217340
5.370000 0.394670 -0.387210 0.310901 -0.005120 0.100738 -0.221596
5.380000 0.395288 -0.387066 0.311889 -0.006902 0.100112 -0.222854
5.390000 0.395965 -0.386935 0.312854 -0.006772 0.099965 -0.221394
5.400000 0.396684 -0.386797 0.313897 -0.005628 0.099803 -0.218265
5.410000 0.397403 -0.386665 0.314933 -0.002737 0.100536 -0.211118
5.420000 0.398254 -0.386545 0.316030 -0.000260 0.101989 -0.202675
5.430000 0.399093 -0.386437 0.317162 0.003446 0.103936 -0.192283
5.440000 0.399919 -0.386329 0.318343 0.007298 0.106100 -0.180843
5.450000 0.400830 -0.386234 0.319577 0.010866 0.108895 -0.168175
5.460000 0.401753 -0.386150 0.320866 0.014214 0.111452 -0.155988
5.470000 0.402754 -0.386078 0.322184 0.014924 0.113730 -0.143086
5.480000 0.403850 -0.386012 0.323574 0.014573 0.115882 -0.131542
5.490000 0.404917 -0.385970 0.325012 0.013106 0.117980 -0.120679
5.500000 0.406019 -0.385940 0.326564 0.009384 0.119442 -0.111586
5.510000 0.407110 -0.385916 0.328170 0.004298 0.120526 -0.104873
5.520000 0.408219 -0.385904 0.329824 -0.001774 0.121260 -0.100059
5.530000 0.409273 -0.385910 0.331544 -0.007890 0.121775 -0.096948
5.540000 0.410340 -0.385940 0.333275 -0.014913 0.122215 -0.096116
5.550000 0.411394 -0.385982 0.335025 -0.020349 0.122433 -0.096207
5.560000 0.412437 -0.386042 0.336751 -0.026217 0.122554 -0.095380
5.570000 0.413468 -0.386126 0.338536 -0.031608 0.122861 -0.096469
5.580000 0.414414 -0.386222 0.340370 -0.034547 0.123483 -0.097662
5.590000 0.415313 -0.386323 0.342251 -0.035575 0.124109 -0.099046
5.600000 0.416152 -0.386437 0.344157 -0.034450 0.124636 -0.100483
5.610000 0.416985 -0.386551 0.346110 -0.032646 0.124961 -0.102119
5.620000 0.417764 -0.386659 0.348088 -0.027724 0.124935 -0.104373
5.630000 0.418495 -0.386779 0.350083 -0.021842 0.124656 -0.106363
5.640000 0.419250 -0.386875 0.352061 -0.016010 0.123218 -0.106624
5.650000 0.419969 -0.386965 0.354062 -0.008529 0.121656 -0.106171
5.660000 0.420652 -0.387036 0.356075 -0.002135 0.118817 -0.104022
5.670000 0.421341 -0.387078 0.358178 0.002653 0.114755 -0.102780
5.680000 0.422072 -0.387090 0.360360 0.006540 0.109744 -0.101098
5.690000 0.422749 -0.387090 0.362589 0.009204 0.103871 -0.100276
5.700000 0.423409 -0.387072 0.364890 0.010322 0.096919 -0.100513
5.710000 0.424140 -0.387036 0.367227 0.008602 0.089589 -0.101219
5.720000 0.424817 -0.387012 0.369611 0.006745 0.082993 -0.102412
5.730000 0.425500 -0.386995 0.372020 0.002147 0.076761 -0.104035
5.740000 0.426195 -0.386983 0.374513 -0.003787 0.072058 -0.106674
5.750000 0.426866 -0.386989 0.377036 -0.008623 0.069624 -0.109511
5.760000 0.427483 -0.387012 0.379606 -0.013618 0.069258 -0.113263
5.770000 0.428082 -0.387024 0.382219 -0.018036 0.070901 -0.117988
5.780000 0.428664 -0.387036 0.384819 -0.020458 0.075173 -0.122137
5.790000 0.429197 -0.387042 0.387396 -0.020180 0.080979 -0.126068
5.800000 0.429736 -0.387024 0.389949 -0.019388 0.087627 -0.128837
5.810000 0.430276 -0.386977 0.392495 -0.016768 0.095185 -0.130663
5.820000 0.430779 -0.386899 0.395006 -0.012400 0.102761 -0.130934
5.830000 0.431336 -0.386791 0.397511 -0.008365 0.109710 -0.130689
5.840000 0.431875 -0.386635 0.399979 -0.003077 0.115611 -0.128884
5.850000 0.432403 -0.386461 0.402418 0.002878 0.120768 -0.126435
5.860000 0.432876 -0.386263 0.404821 0.009253 0.123920 -0.123092
5.870000 0.433361 -0.386042 0.407224 0.014765 0.125295 -0.119745
5.880000 0.433847 -0.385802 0.409603 0.020975 0.125121 -0.116123
5.890000 0.434326 -0.385556 0.411982 0.026808 0.123143 -0.113805
5.900000 0.434859 -0.385299 0.414319 0.030814 0.119151 -0.111564
5.910000 0.435399 -0.385053 0.416655 0.034247 0.114194 -0.110953
5.920000 0.436010 -0.384819 0.418926 0.034649 0.107882 -0.110189
5.930000 0.436591 -0.384574 0.421203 0.034219 0.100230 -0.111064
5.940000 0.437208 -0.384322 0.423462 0.031317 0.092259 -0.111719
5.950000 0.437772 -0.384094 0.425716 0.028670 0.083925 -0.113878
5.960000 0.438407 -0.383903 0.427945 0.023805 0.075600 -0.116286
5.970000 0.439048 -0.383723 0.430168 0.019480 0.068013 -0.120043
5.980000 0.439695 -0.383561 0.432367 0.015764 0.061711 -0.123947
5.990000 0.440282 -0.383411 0.434542 0.012932 0.056341 -0.128659
6.000000 0.440953 -0.383255 0.436711 0.010265 0.052061 -0.133406
6.010000 0.441589 -0.383106 0.438826 0.010603 0.049166 -0.137378
6.020000 0.442194 -0.382980 0.440935 0.012896 0.047519 -0.142056
6.030000 0.442805 -0.382842 0.442973 0.016199 0.046747 -0.144771
6.040000 0.443494 -0.382704 0.444974 0.021167 0.047725 -0.146541
6.050000 0.444207 -0.382572 0.446904 0.027478 0.049626 -0.146866
6.060000 0.444950 -0.382417 0.448809 0.033618 0.051459 -0.146721
6.070000 0.445855 -0.382243 0.450727 0.038427 0.054087 -0.145984
6.080000 0.446796 -0.382045 0.452626 0.044058 0.056609 -0.145331
6.090000 0.447707 -0.381823 0.454496 0.048247 0.057976 -0.145369
6.100000 0.448725 -0.381566 0.456365 0.050499 0.058519 -0.145856
6.110000 0.449744 -0.381296 0.458211 0.054440 0.058949 -0.146602
6.120000 0.450799 -0.381020 0.460020 0.057350 0.058451 -0.148483
6.130000 0.451853 -0.380697 0.461782 0.059638 0.056704 -0.150808
6.140000 0.452926 -0.380373 0.463508 0.061787 0.055663 -0.153509
6.150000 0.453932 -0.380062 0.465138 0.066016 0.053896 -0.155551
6.160000 0.454915 -0.379714 0.466756 0.069633 0.050885 -0.158435
6.170000 0.455964 -0.379343 0.468343 0.074093 0.048403 -0.161189
6.180000 0.456928 -0.379001 0.469871 0.080361 0.045916 -0.163106
6.190000 0.457923 -0.378665 0.471447 0.084758 0.042534 -0.167186
6.200000 0.458948 -0.378294 0.473005 0.089312 0.039749 -0.171573
6.210000 0.459954 -0.377964 0.474503 0.093682 0.039007 -0.175115
6.220000 0.460913 -0.377665 0.476001 0.097678 0.038416 -0.180451
6.230000 0.461836 -0.377317 0.477457 0.100936 0.038031 -0.185300
6.240000 0.462723 -0.376970 0.478908 0.104360 0.038955 -0.189497
6.250000 0.463484 -0.376658 0.480292 0.107930 0.039835 -0.193457
6.260000 0.464221 -0.376323 0.481670 0.110621 0.040365 -0.196280
6.270000 0.464952 -0.375981 0.483114 0.114655 0.042507 -0.199958
6.280000 0.465557 -0.375681 0.484474 0.118272 0.045478 -0.202293
6.290000 0.466144 -0.375382 0.485876 0.119661 0.047675 -0.205538
6.300000 0.466726 -0.375082 0.487266 0.120832 0.051213 -0.208044
6.310000 0.467181 -0.374813 0.488603 0.122223 0.054891 -0.209053
6.320000 0.467570 -0.374573 0.489957 0.121480 0.058187 -0.211278
6.330000 0.467924 -0.374321 0.491335 0.120526 0.062210 -0.211607
6.340000 0.468092 -0.374117 0.492815 0.120788 0.067742 -0.213010
6.350000 0.468176 -0.373938 0.494295 0.119276 0.072613 -0.214730
6.360000 0.468272 -0.373740 0.495865 0.117521 0.077525 -0.216282
6.370000 0.468277 -0.373578 0.497477 0.116803 0.083477 -0.218139
6.380000 0.468254 -0.373464 0.499053 0.114496 0.088511 -0.220010
6.390000 0.468248 -0.373321 0.500659 0.111489 0.092743 -0.220619
6.400000 0.468134 -0.373183 0.502361 0.109971 0.098333 -0.221171
6.410000 0.467936 -0.373045 0.504050 0.108719 0.102881 -0.220655
6.420000 0.467732 -0.372841 0.505830 0.108636 0.105571 -0.220311
6.430000 0.467445 -0.372589 0.507736 0.112101 0.107874 -0.219966
6.440000 0.467121 -0.372332 0.509677 0.116832 0.108203 -0.219665
6.450000 0.466845 -0.372026 0.511726 0.122679 0.105331 -0.221213
6.460000 0.466588 -0.371691 0.513806 0.130882 0.101360 -0.221921
6.470000 0.466360 -0.371349 0.515927 0.139281 0.095367 -0.223482
6.480000 0.466234 -0.370972 0.518090 0.146554 0.086594 -0.225609
6.490000 0.466138 -0.370558 0.520337 0.154109 0.076762 -0.227816
6.500000 0.466048 -0.370109 0.522608 0.161026 0.065148 -0.229910
6.510000 0.466030 -0.369641 0.524915 0.166078 0.051875 -0.233082
6.520000 0.466096 -0.369162 0.527276 0.170084 0.037586 -0.236011
6.530000 0.466234 -0.368695 0.529583 0.172455 0.023400 -0.237260
6.540000 0.466438 -0.368281 0.531890 0.172398 0.009681 -0.238335
6.550000 0.466690 -0.367832 0.534233 0.170769 -0.003426 -0.238021
6.560000 0.466905 -0.367376 0.536630 0.168696 -0.013380 -0.236067
6.570000 0.467043 -0.366969 0.539026 0.166622 -0.021566 -0.233235
6.580000 0.467115 -0.366549 0.541531 0.165354 -0.027918 -0.231335
6.590000 0.467121 -0.366124 0.544096 0.166599 -0.030567 -0.229010
6.600000 0.467073 -0.365740 0.546678 0.169502 -0.031141 -0.227040
6.610000 0.467049 -0.365321 0.549297 0.172768 -0.029962 -0.226322
6.620000 0.467037 -0.364872 0.551951 0.177265 -0.025022 -0.225600
6.630000 0.467031 -0.364464 0.554606 0.181569 -0.018446 -0.226172
6.640000 0.467067 -0.364009 0.557278 0.184022 -0.012324 -0.227575
6.650000 0.467109 -0.363523 0.560017 0.186234 -0.003289 -0.229733
6.660000 0.467103 -0.363008 0.562689 0.188087 0.006472 -0.231314
6.670000 0.467073 -0.362451 0.565416 0.188848 0.015315 -0.235672
6.680000 0.467055 -0.361834 0.568160 0.189766 0.024404 -0.239825
6.690000 0.466989 -0.361204 0.570850 0.191850 0.034351 -0.242940
6.700000 0.466911 -0.360509 0.573523 0.193575 0.040578 -0.247226
6.710000 0.466887 -0.359724 0.576201 0.195592 0.046540 -0.251210
6.720000 0.466857 -0.358909 0.578862 0.198845 0.051929 -0.254786
6.730000 0.466827 -0.358071 0.581403 0.201541 0.053625 -0.257355
6.740000 0.466857 -0.357142 0.583985 0.203925 0.054471 -0.260919
6.750000 0.466899 -0.356195 0.586448 0.207192 0.054879 -0.261582
6.760000 0.466953 -0.355206 0.588845 0.209181 0.051285 -0.261934
6.770000 0.467109 -0.354164 0.591176 0.209451 0.046453 -0.260946
6.780000 0.467295 -0.353085 0.593489 0.209821 0.040657 -0.258252
6.790000 0.467469 -0.352019 0.595712 0.208752 0.033439 -0.254384
6.800000 0.467708 -0.350874 0.598031 0.205604 0.024723 -0.252552
6.810000 0.467936 -0.349652 0.600362 0.203580 0.016016 -0.250068
6.820000 0.468080 -0.348435 0.602740 0.201916 0.006357 -0.250458
6.830000 0.468236 -0.347165 0.605131 0.199250 -0.004880 -0.253065
6.840000 0.468391 -0.345829 0.607588 0.198338 -0.015565 -0.258073
6.850000 0.468487 -0.344522 0.609925 0.198719 -0.023972 -0.262903
6.860000 0.468577 -0.343180 0.612262 0.198315 -0.034962 -0.270430
6.870000 0.468697 -0.341796 0.614563 0.198391 -0.043842 -0.276540
6.880000 0.468739 -0.340370 0.616828 0.199846 -0.050807 -0.281510
6.890000 0.468757 -0.338956 0.619027 0.200060 -0.057712 -0.286074
6.900000 0.468841 -0.337500 0.621286 0.199514 -0.063186 -0.290234
6.910000 0.468913 -0.336008 0.623515 0.199827 -0.066637 -0.292163
6.920000 0.469009 -0.334546 0.625702 0.198016 -0.068012 -0.294128
6.930000 0.469224 -0.333030 0.627859 0.194181 -0.068986 -0.295487
6.940000 0.469464 -0.331502 0.629975 0.190556 -0.066097 -0.294520
6.950000 0.469656 -0.330022 0.631964 0.185873 -0.059809 -0.291276
6.960000 0.469877 -0.328470 0.633953 0.179956 -0.054022 -0.288073
6.970000 0.470111 -0.326852 0.635997 0.175640 -0.045063 -0.284063
6.980000 0.470261 -0.325264 0.637956 0.173166 -0.033217 -0.278736
6.990000 0.470453 -0.323598 0.639951 0.170085 -0.023689 -0.275873
7.000000 0.470722 -0.321866 0.641965 0.168903 -0.012096 -0.272940
7.010000 0.470992 -0.320153 0.643894 0.169045 0.000717 -0.270492
7.020000 0.471381 -0.318427 0.645758 0.166743 0.012411 -0.269872
7.030000 0.471927 -0.316575 0.647621 0.164114 0.022393 -0.270815
7.040000 0.472478 -0.314736 0.649389 0.162341 0.034338 -0.270976
7.050000 0.473023 -0.312878 0.651025 0.159157 0.043319 -0.271341
7.060000 0.473622 -0.310913 0.652709 0.155288 0.050385 -0.273659
7.070000 0.474282 -0.308887 0.654398 0.153989 0.057295 -0.275558
7.080000 0.474875 -0.306844 0.655956 0.154054 0.059222 -0.277532
7.090000 0.475588 -0.304759 0.657520 0.153057 0.058607 -0.281424
7.100000 0.476421 -0.302626 0.659072 0.153998 0.056796 -0.284391
7.110000 0.477242 -0.300558 0.660421 0.156351 0.053303 -0.285276
7.120000 0.478147 -0.298479 0.661727 0.156655 0.046632 -0.287087
7.130000 0.479285 -0.296376 0.662967 0.155489 0.040665 -0.286206
7.140000 0.480334 -0.294356 0.664076 0.157445 0.036295 -0.281727
7.150000 0.481424 -0.292337 0.665028 0.156744 0.028269 -0.276433
7.160000 0.482629 -0.290306 0.666005 0.157691 0.021409 -0.270459
7.170000 0.483815 -0.288340 0.666862 0.160466 0.017855 -0.260711
7.180000 0.484984 -0.286465 0.667623 0.163542 0.013079 -0.251792
7.190000 0.486272 -0.284577 0.668456 0.166120 0.009527 -0.243218
7.200000 0.487506 -0.282732 0.669211 0.171964 0.009560 -0.232553
7.210000 0.488717 -0.281030 0.669828 0.175565 0.009629 -0.222960
7.220000 0.490035 -0.279298 0.670535 0.178571 0.010078 -0.215910
7.230000 0.491347 -0.277656 0.671194 0.182926 0.015783 -0.206971
7.240000 0.492546 -0.276152 0.671692 0.185385 0.022276 -0.197932
7.250000 0.493936 -0.274660 0.672183 0.182585 0.028179 -0.191910
7.260000 0.495314 -0.273222 0.672662 0.182183 0.039267 -0.184360
7.270000 0.496578 -0.271946 0.672914 0.179664 0.052631 -0.175558
7.280000 0.497926 -0.270760 0.673052 0.171251 0.065100 -0.168138
7.290000 0.499389 -0.269543 0.673154 0.163027 0.079484 -0.159088
7.300000 0.500701 -0.268512 0.673088 0.154908 0.098698 -0.148106
7.310000 0.501983 -0.267566 0.672926 0.142646 0.114576 -0.139183
7.320000 0.503445 -0.266631 0.672812 0.128092 0.131537 -0.130987
7.330000 0.504704 -0.265864 0.672555 0.118229 0.152384 -0.120951
7.340000 0.505932 -0.265223 0.672117 0.104745 0.170895 -0.112990
7.350000 0.507256 -0.264618 0.671686 0.091790 0.189394 -0.106105
7.360000 0.508491 -0.264144 0.671051 0.083584 0.209780 -0.094900
7.370000 0.509521 -0.263881 0.670074 0.075455 0.229035 -0.082365
7.380000 0.510690 -0.263623 0.669049 0.066400 0.245322 -0.070014
7.390000 0.511714 -0.263395 0.667863 0.064351 0.263173 -0.050825
7.400000 0.512535 -0.263329 0.666461 0.064349 0.278105 -0.030285
7.410000 0.513434 -0.263263 0.664987 0.062132 0.286090 -0.010105
7.420000 0.514285 -0.263180 0.663590 0.065141 0.292837 0.009847
7.430000 0.514950 -0.263263 0.661972 0.071052 0.296330 0.030319
7.440000 0.515741 -0.263407 0.660277 0.072194 0.291727 0.046040
7.450000 0.516652 -0.263515 0.658623 0.074594 0.284217 0.058294
7.460000 0.517389 -0.263767 0.656747 0.079252 0.275357 0.069507
7.470000 0.518138 -0.264096 0.654752 0.078373 0.260391 0.074603
7.480000 0.518977 -0.264408 0.652679 0.077634 0.242895 0.077197
7.490000 0.519654 -0.264827 0.650450 0.081730 0.224868 0.078045
7.500000 0.520217 -0.265391 0.647909 0.084384 0.204986 0.075920
7.510000 0.520876 -0.265966 0.645243 0.086596 0.183329 0.071226
7.520000 0.521517 -0.266577 0.642282 0.092371 0.165196 0.069518
7.530000 0.522021 -0.267362 0.638927 0.099725 0.146858 0.069030
7.540000 0.522626 -0.268195 0.635415 0.102845 0.127168 0.067203
7.550000 0.523201 -0.269010 0.631718 0.109479 0.111418 0.069927
7.560000 0.523621 -0.270017 0.627811 0.117221 0.099730 0.073037
7.570000 0.524082 -0.271089 0.623803 0.120094 0.086370 0.074194
7.580000 0.524573 -0.272126 0.619830 0.122529 0.075985 0.074994
7.590000 0.525005 -0.273330 0.615743 0.125130 0.071776 0.073814
7.600000 0.525382 -0.274630 0.611453 0.123271 0.067416 0.069838
7.610000 0.525766 -0.275913 0.607199 0.117581 0.065203 0.063498
7.620000 0.526023 -0.277231 0.602818 0.113527 0.068207 0.058699
7.630000 0.526029 -0.278657 0.598288 0.109267 0.072319 0.052038
7.640000 0.525916 -0.280065 0.593818 0.103638 0.077475 0.043373
7.650000 0.525688 -0.281402 0.589354 0.102182 0.085159 0.035999
7.660000 0.525286 -0.282882 0.584770 0.103429 0.094201 0.028364
7.670000 0.524831 -0.284344 0.580222 0.103703 0.102319 0.019208
7.680000 0.524418 -0.285794 0.575710 0.106073 0.113943 0.012564
7.690000 0.523902 -0.287358 0.571096 0.111365 0.127682 0.007441
7.700000 0.523345 -0.288910 0.566500 0.113754 0.137443 0.001200
7.710000 0.522890 -0.290360 0.562030 0.116290 0.148832 -0.003457
7.720000 0.522218 -0.291834 0.557530 0.124017 0.162470 -0.005406
7.730000 0.521404 -0.293278 0.553066 0.129330 0.169201 -0.008492
7.740000 0.520696 -0.294590 0.548823 0.133790 0.172243 -0.012243
7.750000 0.519882 -0.295854 0.544599 0.144451 0.174873 -0.012689
7.760000 0.518905 -0.297215 0.540279 0.153681 0.172854 -0.012171
7.770000 0.518156 -0.298485 0.536084 0.157113 0.164616 -0.011400
7.780000 0.517377 -0.299731 0.531962 0.164740 0.156773 -0.006100
7.790000 0.516370 -0.301086 0.527869 0.171950 0.148057 -0.001148
7.800000 0.515471 -0.302380 0.523974 0.172540 0.132500 0.001059
7.810000 0.514555 -0.303608 0.520385 0.176820 0.118990 0.002643
7.820000 0.513326 -0.304909 0.516897 0.185421 0.105256 0.001897
7.830000 0.511948 -0.306251 0.513554 0.191456 0.087318 -0.003635
7.840000 0.510732 -0.307461 0.510474 0.195971 0.068959 -0.010279
7.850000 0.509311 -0.308815 0.507478 0.206113 0.054826 -0.017191
7.860000 0.507813 -0.310242 0.504488 0.210771 0.037564 -0.025034
7.870000 0.506405 -0.311608 0.501815 0.210780 0.021965 -0.032840
7.880000 0.504793 -0.313064 0.499311 0.214864 0.014005 -0.037348
7.890000 0.502846 -0.314652 0.496914 0.218222 0.005682 -0.043431
7.900000 0.500863 -0.316186 0.494829 0.218008 -0.001219 -0.051681
7.910000 0.498741 -0.317762 0.492935 0.221070 0.001011 -0.054770
7.920000 0.496267 -0.319499 0.490898 0.227230 0.004640 -0.055659
7.930000 0.493864 -0.321213 0.489004 0.229325 0.008368 -0.057776
7.940000 0.491497 -0.322879 0.487231 0.232722 0.019943 -0.052556
7.950000 0.488896 -0.324617 0.485355 0.236233 0.032691 -0.041935
7.960000 0.486320 -0.326342 0.483599 0.234105 0.042869 -0.032498
7.970000 0.483875 -0.327876 0.482101 0.230457 0.054620 -0.019963
7.980000 0.481214 -0.329446 0.480705 0.228945 0.069557 -0.007305
7.990000 0.478542 -0.331052 0.479393 0.222787 0.078211 -0.000093
8.000000 0.476115 -0.332460 0.478446 0.213076 0.085176 0.001236
8.010000 0.473539 -0.333832 0.477565 0.209104 0.095138 0.001352
8.020000 0.470926 -0.335277 0.476684 0.201396 0.099741 -0.006569
8.030000 0.468481 -0.336517 0.476085 0.192281 0.099988 -0.020806
8.040000 0.466048 -0.337655 0.475564 0.188967 0.102286 -0.034880
8.050000 0.463412 -0.338866 0.474911 0.189407 0.102616 -0.051731
8.060000 0.460943 -0.339920 0.474419 0.187500 0.094406 -0.074026
8.070000 0.458534 -0.340813 0.474072 0.191984 0.089334 -0.091657
8.080000 0.455946 -0.341826 0.473563 0.202926 0.084085 -0.106455
8.090000 0.453423 -0.342719 0.473113 0.211853 0.071383 -0.124117
8.100000 0.451146 -0.343384 0.472849 0.222869 0.058826 -0.136315
8.110000 0.448695 -0.344145 0.472478 0.240019 0.050582 -0.141482
8.120000 0.446233 -0.344870 0.472118 0.253270 0.034188 -0.148084
8.130000 0.444075 -0.345349 0.472047 0.264356 0.017957 -0.153141
8.140000 0.441798 -0.345841 0.471969 0.279969 0.006651 -0.150324
8.150000 0.439390 -0.346422 0.471849 0.289301 -0.009980 -0.148162
8.160000 0.437358 -0.346751 0.472017 0.291206 -0.029432 -0.147896
8.170000 0.435273 -0.347033 0.472250 0.297277 -0.041016 -0.141689
8.180000 0.432960 -0.347471 0.472352 0.297420 -0.054004 -0.136247
8.190000 0.430893 -0.347734 0.472694 0.287784 -0.070771 -0.135603
8.200000 0.428909 -0.347890 0.473197 0.280879 -0.077828 -0.131459
8.210000 0.426506 -0.348214 0.473551 0.277042 -0.080412 -0.128336
8.220000 0.424223 -0.348447 0.474054 0.264658 -0.085643 -0.132871
8.230000 0.422114 -0.348489 0.474791 0.256791 -0.083092 -0.137497
8.240000 0.419646 -0.348675 0.475432 0.256938 -0.072618 -0.142652
8.250000 0.417189 -0.348825 0.476067 0.251462 -0.065653 -0.154855
8.260000 0.415026 -0.348669 0.476906 0.246144 -0.055245 -0.167545
8.270000 0.412641 -0.348549 0.477661 0.251285 -0.036776 -0.177528
8.280000 0.410124 -0.348435 0.478290 0.252065 -0.024345 -0.190943
8.290000 0.407895 -0.347986 0.479159 0.248775 -0.015465 -0.205383
8.300000 0.405516 -0.347471 0.480046 0.254738 -0.000067 -0.213572
8.310000 0.402850 -0.347045 0.480741 0.260722 0.010298 -0.222624
8.320000 0.400453 -0.346314 0.481610 0.260647 0.011262 -0.234013
8.330000 0.398152 -0.345403 0.482587 0.266148 0.016227 -0.237335
8.340000 0.395497 -0.344672 0.483276 0.273395 0.019170 -0.236446
8.350000 0.393106 -0.343731 0.484061 0.272166 0.010166 -0.240979
8.360000 0.391009 -0.342545 0.485109 0.272706 0.004664 -0.240429
8.370000 0.388522 -0.341520 0.485936 0.277095 0.001097 -0.232723
8.380000 0.386150 -0.340400 0.486865 0.271583 -0.013535 -0.232353
8.390000 0.384214 -0.338980 0.488207 0.267478 -0.027786 -0.233009
8.400000 0.381991 -0.337715 0.489424 0.270978 -0.034156 -0.228668
8.410000 0.379744 -0.336535 0.490646 0.266523 -0.049306 -0.232851
8.420000 0.378030 -0.334995 0.492324 0.259337 -0.064133 -0.243218
8.430000 0.376197 -0.333461 0.494020 0.264100 -0.069170 -0.248750
8.440000 0.374147 -0.332113 0.495572 0.265746 -0.077653 -0.260997
8.450000 0.372655 -0.330357 0.497489 0.260363 -0.092208 -0.281603
8.460000 0.371271 -0.328464 0.499478 0.267503 -0.095141 -0.294075
8.470000 0.369533 -0.326780 0.501072 0.276809 -0.098937 -0.305289
8.480000 0.368275 -0.324814 0.502858 0.275245 -0.111776 -0.322579
8.490000 0.367382 -0.322501 0.504829 0.283029 -0.117106 -0.329428
8.500000 0.366040 -0.320446 0.506411 0.297276 -0.116182 -0.326926
8.510000 0.364944 -0.318247 0.507981 0.299633 -0.128397 -0.328246
8.520000 0.364464 -0.315563 0.509953 0.304225 -0.137347 -0.324749
8.530000 0.363685 -0.313064 0.511672 0.317374 -0.135511 -0.308193
8.540000 0.362924 -0.310649 0.513176 0.318312 -0.144499 -0.296232
8.550000 0.362894 -0.307761 0.515124 0.312959 -0.155293 -0.285773
8.560000 0.362702 -0.304897 0.517053 0.318760 -0.151003 -0.264123
8.570000 0.362199 -0.302302 0.518623 0.316220 -0.152880 -0.244368
8.580000 0.362307 -0.299360 0.520613 0.303339 -0.159918 -0.233729
8.590000 0.362427 -0.296238 0.522746 0.303390 -0.153318 -0.215270
8.600000 0.362079 -0.293488 0.524531 0.304331 -0.144850 -0.198610
8.610000 0.362187 -0.290528 0.526671 0.293122 -0.145481 -0.196036
8.620000 0.362445 -0.287268 0.529097 0.293044 -0.134950 -0.191450
8.630000 0.362241 -0.284308 0.531249 0.299526 -0.118084 -0.188156
8.640000 0.362295 -0.281282 0.533442 0.294807 -0.111557 -0.197725
8.650000 0.362583 -0.277824 0.536018 0.295882 -0.101147 -0.208808
8.660000 0.362457 -0.274541 0.538199 0.305385 -0.083072 -0.213068
8.670000 0.362415 -0.271323 0.540237 0.305104 -0.076431 -0.227433
8.680000 0.362708 -0.267620 0.542574 0.304095 -0.073300 -0.240893
8.690000 0.362720 -0.263988 0.544659 0.310750 -0.060883 -0.243201
8.700000 0.362708 -0.260531 0.546361 0.308863 -0.059909 -0.248497
8.710000 0.363116 -0.256654 0.548308 0.302248 -0.066776 -0.255600
8.720000 0.363350 -0.252705 0.550160 0.303728 -0.064489 -0.250919
8.730000 0.363350 -0.249038 0.551532 0.299980 -0.068344 -0.243433
8.740000 0.363643 -0.244999 0.553108 0.290782 -0.084786 -0.240956
8.750000 0.363841 -0.240799 0.554786 0.291510 -0.090820 -0.230803
8.760000 0.363709 -0.236916 0.555966 0.293839 -0.097212 -0.216823
8.770000 0.363787 -0.232835 0.557272 0.290736 -0.115638 -0.212809
8.780000 0.363979 -0.228461 0.558770 0.295516 -0.127175 -0.206040
8.790000 0.363859 -0.224387 0.559837 0.305203 -0.132863 -0.194503
8.800000 0.363871 -0.220312 0.560814 0.306700 -0.149035 -0.194333
8.810000 0.364099 -0.215914 0.562006 0.310509 -0.160301 -0.194461
8.820000 0.364051 -0.211707 0.562809 0.320690 -0.161920 -0.189302
8.830000 0.364003 -0.207663 0.563414 0.322800 -0.170197 -0.191768
8.840000 0.364224 -0.203270 0.564229 0.322765 -0.177822 -0.196829
8.850000 0.364242 -0.199010 0.564780 0.329964 -0.171198 -0.195485
8.860000 0.364147 -0.194947 0.564972 0.330895 -0.169269 -0.198481
8.870000 0.364296 -0.190591 0.565338 0.327071 -0.170379 -0.206473
8.880000 0.364338 -0.186217 0.565541 0.330504 -0.158436 -0.206905
8.890000 0.364165 -0.182124 0.565290 0.331347 -0.146736 -0.206544
8.900000 0.364224 -0.177834 0.565116 0.325831 -0.140135 -0.209973
8.910000 0.364284 -0.173418 0.564900 0.326860 -0.123415 -0.205811
8.920000 0.364111 -0.169277 0.564313 0.328323 -0.104457 -0.197859
8.930000 0.364081 -0.165011 0.563792 0.323146 -0.092873 -0.194206
8.940000 0.364099 -0.160553 0.563408 0.323193 -0.073937 -0.186479
8.950000 0.363859 -0.156364 0.562743 0.326901 -0.049819 -0.174820
8.960000 0.363697 -0.152098 0.562180 0.324547 -0.036427 -0.169826
8.970000 0.363679 -0.147574 0.561850 0.324936 -0.020907 -0.164463
8.980000 0.363452 -0.143253 0.561299 0.330299 0.000337 -0.154983
8.990000 0.363176 -0.138975 0.560712 0.330053 0.011095 -0.151031
9.000000 0.363110 -0.134433 0.560394 0.329428 0.019643 -0.149348
9.010000 0.362864 -0.130035 0.559987 0.335606 0.034649 -0.142887
9.020000 0.362523 -0.125780 0.559459 0.337273 0.040703 -0.140504
9.030000 0.362427 -0.121292 0.559184 0.335687 0.040688 -0.142906
9.040000 0.362283 -0.116864 0.558896 0.340242 0.047380 -0.140131
9.050000 0.361965 -0.112682 0.558375 0.342202 0.049664 -0.137978
9.060000 0.361906 -0.108355 0.558027 0.337695 0.044684 -0.141220
9.070000 0.361900 -0.103975 0.557764 0.338730 0.045854 -0.139870
9.080000 0.361636 -0.099823 0.557272 0.340999 0.045767 -0.137275
9.090000 0.361438 -0.095598 0.556847 0.337629 0.036852 -0.139902
9.100000 0.361342 -0.091212 0.556553 0.338184 0.031477 -0.138800
9.110000 0.360953 -0.087083 0.555996 0.344812 0.030139 -0.133021
9.120000 0.360527 -0.082997 0.555385 0.346477 0.020328 -0.131349
9.130000 0.360366 -0.078724 0.554959 0.348695 0.011614 -0.127601
9.140000 0.360036 -0.074698 0.554312 0.357521 0.011190 -0.117790
9.150000 0.359605 -0.070857 0.553539 0.360659 0.006055 -0.111074
9.160000 0.359449 -0.066830 0.553018 0.359801 -0.000186 -0.105900
9.170000 0.359185 -0.062959 0.552467 0.365067 0.003788 -0.096389
9.180000 0.358730 -0.059370 0.551712 0.366484 0.006763 -0.090051
9.190000 0.358466 -0.055637 0.551118 0.362713 0.006827 -0.089473
9.200000 0.358172 -0.051976 0.550543 0.364706 0.017809 -0.085577
9.210000 0.357573 -0.048578 0.549698 0.366714 0.028738 -0.081930
9.220000 0.357046 -0.045139 0.548919 0.362927 0.036164 -0.084530
9.230000 0.356644 -0.041627 0.548194 0.363041 0.050905 -0.084230
9.240000 0.355931 -0.038397 0.547206 0.367270 0.069800 -0.082146
9.250000 0.355266 -0.035222 0.546127 0.363004 0.083452 -0.084941
9.260000 0.354793 -0.031854 0.545186 0.359874 0.099397 -0.086401
9.270000 0.354092 -0.028726 0.543904 0.361038 0.121722 -0.081515
9.280000 0.353265 -0.025736 0.542520 0.356358 0.138022 -0.080840
9.290000 0.352684 -0.022488 0.541243 0.348902 0.151273 -0.079347
9.300000 0.351893 -0.019396 0.539805 0.348408 0.171481 -0.071516
9.310000 0.350814 -0.016496 0.538056 0.345477 0.185180 -0.064447
9.320000 0.349921 -0.013410 0.536414 0.337947 0.192152 -0.059113
9.330000 0.348993 -0.010360 0.534676 0.337427 0.204528 -0.047120
9.340000 0.347668 -0.007574 0.532657 0.338971 0.212756 -0.034589
9.350000 0.346518 -0.004710 0.530769 0.334088 0.212311 -0.026642
9.360000 0.345379 -0.001822 0.528918 0.335188 0.216804 -0.015390
9.370000 0.344001 0.000803 0.526868 0.337810 0.220257 -0.004313
9.380000 0.342701 0.003386 0.524807 0.333989 0.215756 0.000330
9.390000 0.341628 0.006052 0.522944 0.330488 0.214058 0.003295
9.400000 0.340214 0.008455 0.520840 0.331289 0.216037 0.008083
9.410000 0.338806 0.010732 0.518659 0.324189 0.210574 0.006203
9.420000 0.337602 0.013129 0.516706 0.316619 0.205452 0.001559
9.430000 0.336193 0.015298 0.514597 0.315212 0.206507 -0.000373
9.440000 0.334677 0.017203 0.512421 0.308083 0.203152 -0.007918
9.450000 0.333461 0.019223 0.510414 0.297484 0.197185 -0.018280
9.460000 0.332299 0.021020 0.508425 0.290532 0.200446 -0.026477
9.470000 0.330980 0.022464 0.506244 0.280639 0.203374 -0.035686
9.480000 0.330123 0.023885 0.504224 0.261472 0.204520 -0.048778
9.490000 0.329374 0.025185 0.502241 0.247058 0.215127 -0.056236
9.500000 0.328392 0.026114 0.499988 0.232939 0.230054 -0.060690
9.510000 0.327637 0.026982 0.497747 0.212382 0.240111 -0.065861
9.520000 0.327049 0.027875 0.495542 0.198055 0.257636 -0.064083
9.530000 0.326252 0.028445 0.493067 0.190598 0.279263 -0.054921
9.540000 0.325647 0.028864 0.490442 0.178968 0.295777 -0.044544
9.550000 0.325426 0.029349 0.487944 0.171796 0.314552 -0.029658
9.560000 0.325162 0.029541 0.485253 0.171469 0.338829 -0.006919
9.570000 0.325060 0.029499 0.482497 0.166726 0.357087 0.013398
9.580000 0.325402 0.029499 0.479938 0.161210 0.374901 0.031810
9.590000 0.325761 0.029242 0.477332 0.160509 0.399022 0.052445
9.600000 0.326282 0.028768 0.474677 0.153942 0.417095 0.065824
9.610000 0.327211 0.028361 0.472232 0.144343 0.431651 0.071346
9.620000 0.328086 0.027797 0.469728 0.139228 0.449974 0.075867
9.630000 0.328937 0.027012 0.467037 0.129913 0.463109 0.074200
9.640000 0.330069 0.026293 0.464407 0.117633 0.467865 0.065827
9.650000 0.331256 0.025520 0.461638 0.109701 0.474490 0.059454
9.660000 0.332514 0.024472 0.458570 0.099886 0.477283 0.052344
9.670000 0.334066 0.023423 0.455472 0.085033 0.470831 0.041404
9.680000 0.335774 0.022345 0.452386 0.072168 0.465980 0.033898
9.690000 0.337428 0.021014 0.449007 0.059053 0.459119 0.029891
9.700000 0.339034 0.019636 0.445597 0.044924 0.445029 0.022248
9.710000 0.340717 0.018318 0.442212 0.035506 0.429581 0.018537
9.720000 0.342203 0.016736 0.438569 0.034153 0.415164 0.020037
9.730000 0.343636 0.015046 0.434824 0.033922 0.394154 0.020022
9.740000 0.345307 0.013368 0.431126 0.036674 0.372560 0.022793
9.750000 0.347063 0.011415 0.427196 0.044113 0.356201 0.032995
9.760000 0.348831 0.009228 0.423217 0.048700 0.336441 0.040855
9.770000 0.350898 0.007023 0.419376 0.048699 0.318002 0.049250
9.780000 0.352965 0.004638 0.415571 0.051107 0.307603 0.060415
9.790000 0.354865 0.001947 0.411802 0.050511 0.298637 0.066499
9.800000 0.356842 -0.000725 0.408320 0.046272 0.289247 0.066394
9.810000 0.358724 -0.003523 0.405079 0.045902 0.288404 0.063527
9.820000 0.360336 -0.006645 0.401825 0.047537 0.291036 0.055059
9.830000 0.362001 -0.009755 0.398745 0.046781 0.289569 0.038817
9.840000 0.363691 -0.012913 0.395809 0.049434 0.295372 0.022602
9.850000 0.365087 -0.016358 0.392729 0.054639 0.304376 0.008035
9.860000 0.366358 -0.019810 0.389691 0.056379 0.306384 -0.007712
9.870000 0.367652 -0.023219 0.386827 0.059085 0.311469 -0.018599
9.880000 0.368581 -0.026827 0.383915 0.067541 0.318166 -0.024624
9.890000 0.369336 -0.030536 0.381080 0.072048 0.318093 -0.031622
9.900000 0.370109 -0.034071 0.378552 0.077957 0.315016 -0.037045
9.910000 0.370516 -0.037768 0.376041 0.089801 0.315485 -0.037673
9.920000 0.370588 -0.041549 0.373554 0.098158 0.306967 -0.039661
9.930000 0.370738 -0.045204 0.371313 0.103299 0.294554 -0.042490
9.940000 0.370678 -0.048926 0.369138 0.112702 0.285796 -0.040443
9.950000 0.370312 -0.052820 0.366879 0.117789 0.271712 -0.038786
9.960000 0.370013 -0.056595 0.364890 0.116062 0.252918 -0.039854
9.970000 0.369516 -0.060335 0.363020 0.118475 0.237718 -0.037324
9.980000 0.368611 -0.064259 0.361163 0.120101 0.221097 -0.037271
9.990000 0.367742 -0.068106 0.359593 0.117347 0.200211 -0.042893
10.000000 0.366693 -0.071887 0.358208 0.121260 0.183991 -0.047645
10.010000 0.365267 -0.075878 0.356866 0.127917 0.170137 -0.054733
10.020000 0.363787 -0.079827 0.355662 0.131223 0.151616 -0.066656
10.030000 0.362421 -0.083698 0.354697 0.138849 0.138303 -0.078261
10.040000 0.360815 -0.087778 0.353577 0.150262 0.130601 -0.085490
10.050000 0.359179 -0.091877 0.352552 0.155889 0.119130 -0.095420
10.060000 0.357753 -0.095826 0.351719 0.159792 0.111334 -0.101608
10.070000 0.356051 -0.099883 0.350838 0.168149 0.110419 -0.102278
10.080000 0.354212 -0.103963 0.350029 0.171617 0.106205 -0.103620
10.090000 0.352582 -0.107798 0.349460 0.173275 0.100983 -0.104358
10.100000 0.350808 -0.111675 0.348897 0.180515 0.102217 -0.100214
10.110000 0.348987 -0.115618 0.348297 0.182740 0.100471 -0.097569
10.120000 0.347471 -0.119375 0.347926 0.180685 0.096953 -0.096263
10.130000 0.345990 -0.123102 0.347584 0.181859 0.100253 -0.090749
10.140000 0.344319 -0.126883 0.347183 0.179855 0.100893 -0.086826
10.150000 0.342791 -0.130508 0.347009 0.173806 0.098557 -0.087227
10.160000 0.341269 -0.133996 0.346991 0.173059 0.101233 -0.086094
10.170000 0.339465 -0.137603 0.346907 0.174540 0.105253 -0.086671
10.180000 0.337799 -0.141042 0.346943 0.173398 0.102952 -0.092663
10.190000 0.336325 -0.144380 0.347069 0.177213 0.105917 -0.097680
10.200000 0.334671 -0.147807 0.347021 0.184605 0.110919 -0.101299
10.210000 0.333167 -0.151115 0.347009 0.187029 0.110574 -0.108290
10.220000 0.331867 -0.154261 0.347123 0.191416 0.113397 -0.113488
10.230000 0.330303 -0.157437 0.347141 0.200369 0.118469 -0.116167
10.240000 0.328781 -0.160511 0.347207 0.205269 0.117618 -0.121938
10.250000 0.327487 -0.163387 0.347423 0.211261 0.117144 -0.127221
10.260000 0.325959 -0.166269 0.347566 0.223430 0.118176 -0.130386
10.270000 0.324497 -0.169049 0.347722 0.229360 0.111983 -0.136715
10.280000 0.323244 -0.171620 0.348016 0.234291 0.104889 -0.143009
10.290000 0.321818 -0.174137 0.348208 0.245096 0.099041 -0.145934
10.300000 0.320326 -0.176617 0.348327 0.250765 0.087605 -0.150428
10.310000 0.319032 -0.178847 0.348537 0.253583 0.072244 -0.154883
10.320000 0.317726 -0.181046 0.348681 0.260128 0.059903 -0.155588
10.330000 0.316252 -0.183233 0.348693 0.263268 0.044284 -0.156460
10.340000 0.315005 -0.185276 0.348813 0.260604 0.026428 -0.158838
10.350000 0.313771 -0.187188 0.348969 0.260911 0.012447 -0.158504
10.360000 0.312297 -0.189135 0.349046 0.261211 -0.001343 -0.158552
10.370000 0.310931 -0.190957 0.349268 0.254924 -0.017699 -0.162270
10.380000 0.309582 -0.192586 0.349610 0.252637 -0.029163 -0.165153
10.390000 0.307959 -0.194306 0.349855 0.253286 -0.036379 -0.168559
10.400000 0.306293 -0.195882 0.350149 0.250161 -0.047044 -0.176337
10.410000 0.304717 -0.197278 0.350550 0.251066 -0.052288 -0.184057
10.420000 0.302901 -0.198710 0.350826 0.257986 -0.052167 -0.190171
10.430000 0.300960 -0.200089 0.351102 0.262297 -0.053160 -0.199307
10.440000 0.299198 -0.201215 0.351575 0.266599 -0.051370 -0.209357
10.450000 0.297197 -0.202306 0.352007 0.278662 -0.043321 -0.216611
10.460000 0.295076 -0.203390 0.352372 0.287596 -0.037055 -0.225812
10.470000 0.293194 -0.204253 0.352863 0.292585 -0.031898 -0.236277
10.480000 0.291384 -0.204996 0.353289 0.300029 -0.019951 -0.242368
10.490000 0.289467 -0.205763 0.353559 0.303410 -0.009085 -0.246512
10.500000 0.287777 -0.206326 0.353900 0.297798 -0.001541 -0.250711
10.510000 0.286255 -0.206704 0.354248 0.292119 0.010044 -0.249582
10.520000 0.284499 -0.207099 0.354421 0.285116 0.022259 -0.245558
10.530000 0.282906 -0.207297 0.354691 0.269102 0.028418 -0.243383
10.540000 0.281527 -0.207261 0.355110 0.254587 0.036754 -0.238111
10.550000 0.279874 -0.207231 0.355464 0.244330 0.046379 -0.231544
10.560000 0.278214 -0.207051 0.355967 0.228776 0.049392 -0.230700
10.570000 0.276842 -0.206626 0.356770 0.215753 0.052467 -0.232640
10.580000 0.275236 -0.206183 0.357585 0.212455 0.057305 -0.235058
10.590000 0.273528 -0.205667 0.358490 0.207567 0.055659 -0.244963
10.600000 0.272210 -0.204918 0.359712 0.203320 0.051830 -0.259782
10.610000 0.270784 -0.204139 0.360923 0.210298 0.052128 -0.274181
10.620000 0.269100 -0.203360 0.362103 0.218842 0.046563 -0.291842
10.630000 0.267829 -0.202366 0.363469 0.223477 0.036028 -0.312365
10.640000 0.266619 -0.201281 0.364878 0.238304 0.029412 -0.327351
10.650000 0.265217 -0.200262 0.366142 0.254471 0.021180 -0.340506
10.660000 0.264072 -0.199064 0.367472 0.263244 0.005677 -0.352825
10.670000 0.263275 -0.197632 0.368970 0.274749 -0.006165 -0.359632
10.680000 0.262251 -0.196326 0.370259 0.288894 -0.017086 -0.358851
10.690000 0.261478 -0.194941 0.371601 0.291345 -0.034038 -0.357905
10.700000 0.261094 -0.193288 0.373165 0.293076 -0.049658 -0.352568
10.710000 0.260555 -0.191736 0.374645 0.297868 -0.058089 -0.339877
10.720000 0.260070 -0.190190 0.376161 0.293299 -0.071510 -0.330265
10.730000 0.260010 -0.188386 0.378000 0.284545 -0.083637 -0.321857
10.740000 0.259884 -0.186612 0.379876 0.282975 -0.084871 -0.310601
10.750000 0.259608 -0.184958 0.381691 0.277025 -0.087159 -0.303306
10.760000 0.259692 -0.183023 0.383801 0.266743 -0.090586 -0.303191
10.770000 0.259764 -0.181052 0.385946 0.266674 -0.082758 -0.301225
10.780000 0.259602 -0.179194 0.387923 0.267350 -0.073844 -0.301219
10.790000 0.259734 -0.177145 0.390021 0.263312 -0.067021 -0.306558
10.800000 0.259938 -0.174964 0.392244 0.266653 -0.052760 -0.309530
10.810000 0.259920 -0.172926 0.394251 0.271585 -0.034693 -0.309969
10.820000 0.260118 -0.170715 0.396366 0.269422 -0.024014 -0.314052
10.830000 0.260399 -0.168252 0.398643 0.271689 -0.009887 -0.315082
10.840000 0.260381 -0.165892 0.400716 0.275974 0.006020 -0.311257
10.850000 0.260423 -0.163399 0.402820 0.272818 0.012255 -0.310033
10.860000 0.260573 -0.160625 0.405049 0.272158 0.017651 -0.305103
10.870000 0.260453 -0.157928 0.407098 0.275785 0.026006 -0.293836
10.880000 0.260357 -0.155208 0.409087 0.273272 0.025318 -0.284573
10.890000 0.260465 -0.152242 0.411310 0.271008 0.022467 -0.275612
10.900000 0.260375 -0.149323 0.413462 0.274105 0.024133 -0.261627
10.910000 0.260267 -0.146441 0.415571 0.272289 0.018402 -0.252402
10.920000 0.260339 -0.143355 0.417950 0.270292 0.010742 -0.247319
10.930000 0.260261 -0.140281 0.420311 0.274264 0.008853 -0.240652
10.940000 0.260082 -0.137363 0.422558 0.276234 0.003907 -0.237875
10.950000 0.260118 -0.134229 0.424949 0.276430 -0.005196 -0.240555
10.960000 0.260082 -0.131119 0.427279 0.282551 -0.006753 -0.239577
10.970000 0.259950 -0.128213 0.429329 0.286758 -0.007942 -0.238780
10.980000 0.260010 -0.125151 0.431426 0.286965 -0.013752 -0.240695
10.990000 0.260040 -0.122065 0.433421 0.291249 -0.012103 -0.236439
11.000000 0.259908 -0.119171 0.435147 0.294912 -0.008355 -0.229669
11.010000 0.259908 -0.116235 0.436843 0.294283 -0.007727 -0.224082
11.020000 0.259956 -0.113233 0.438545 0.296569 -0.001597 -0.214990
11.030000 0.259914 -0.110447 0.439995 0.299070 0.008926 -0.203164
11.040000 0.260058 -0.107720 0.441319 0.296364 0.017296 -0.193580
11.050000 0.260321 -0.104946 0.442655 0.294934 0.031136 -0.183187
11.060000 0.260465 -0.102363 0.443614 0.294743 0.050444 -0.167853
11.070000 0.260657 -0.099894 0.444363 0.290486 0.068288 -0.155994
11.080000 0.260974 -0.097348 0.445010 0.286905 0.089219 -0.142124
11.090000 0.261190 -0.094975 0.445310 0.286873 0.116852 -0.124549
11.100000 0.261388 -0.092752 0.445274 0.284109 0.141837 -0.108719
11.110000 0.261759 -0.090493 0.445154 0.280189 0.168148 -0.093889
11.120000 0.262137 -0.088372 0.444740 0.279270 0.201285 -0.076161
11.130000 0.262413 -0.086454 0.444003 0.276168 0.232282 -0.061550
11.140000 0.262790 -0.084501 0.443242 0.269232 0.261280 -0.050937
11.150000 0.263186 -0.082709 0.442266 0.263880 0.296276 -0.037213
11.160000 0.263509 -0.081121 0.440935 0.256259 0.327493 -0.024880
11.170000 0.263958 -0.079581 0.439473 0.243445 0.354280 -0.013948
11.180000 0.264540 -0.078155 0.437862 0.229715 0.385211 -0.000565
11.190000 0.265007 -0.076945 0.435926 0.215465 0.411560 0.014598
11.200000 0.265498 -0.075818 0.433811 0.196388 0.431949 0.028639
11.210000 0.266014 -0.074722 0.431558 0.179188 0.451490 0.044671
11.220000 0.266253 -0.073871 0.428939 0.166260 0.469183 0.063024
11.230000 0.266415 -0.073170 0.426099 0.152933 0.478483 0.079313
11.240000 0.266661 -0.072475 0.423109 0.143808 0.484921 0.096223
11.250000 0.266787 -0.072055 0.419825 0.140696 0.491157 0.114967
11.260000 0.266901 -0.071780 0.416488 0.136490 0.488884 0.126829
11.270000 0.267152 -0.071504 0.413162 0.133041 0.483081 0.135201
11.280000 0.267302 -0.071402 0.409771 0.134182 0.476580 0.139294
11.290000 0.267422 -0.071456 0.406289 0.133551 0.463489 0.134752
11.300000 0.267692 -0.071474 0.402862 0.132108 0.445221 0.121586
11.310000 0.267937 -0.071606 0.399308 0.133679 0.426277 0.105436
11.320000 0.268141 -0.071881 0.395569 0.133287 0.401560 0.083155
11.330000 0.268501 -0.072121 0.391818 0.129794 0.371682 0.056059
11.340000 0.268854 -0.072427 0.388001 0.128439 0.342822 0.029076
11.350000 0.269172 -0.072918 0.383974 0.124478 0.311507 0.002693
11.360000 0.269651 -0.073409 0.379936 0.116001 0.274841 -0.023881
11.370000 0.270112 -0.073925 0.375897 0.109595 0.241296 -0.046607
11.380000 0.270388 -0.074632 0.371661 0.102933 0.207997 -0.063879
11.390000 0.270694 -0.075375 0.367400 0.092952 0.171521 -0.078079
11.400000 0.270975 -0.076088 0.363200 0.086442 0.137872 -0.086028
11.410000 0.271023 -0.076975 0.358915 0.083335 0.108291 -0.087708
11.420000 0.270993 -0.077921 0.354709 0.079986 0.077870 -0.087688
11.430000 0.270939 -0.078796 0.350694 0.080834 0.049990 -0.083942
11.440000 0.270676 -0.079863 0.346769 0.087093 0.029871 -0.077312
11.450000 0.270334 -0.081025 0.343024 0.092749 0.010987 -0.073462
11.460000 0.270076 -0.082170 0.339549 0.099034 -0.002157 -0.070336
11.470000 0.269699 -0.083452 0.336211 0.108002 -0.007058 -0.067507
11.480000 0.269244 -0.084830 0.333036 0.114186 -0.007689 -0.067952
11.490000 0.268860 -0.086113 0.330177 0.118416 -0.005140 -0.071061
11.500000 0.268369 -0.087467 0.327469 0.125050 0.006864 -0.073762
11.510000 0.267698 -0.088839 0.324928 0.131127 0.017999 -0.079455
11.520000 0.267134 -0.090151 0.322669 0.135237 0.031042 -0.087193
11.530000 0.266505 -0.091428 0.320596 0.142880 0.049384 -0.092599
11.540000 0.265822 -0.092788 0.318625 0.149597 0.067516 -0.098128
11.550000 0.265181 -0.094028 0.316929 0.154497 0.084341 -0.103639
11.560000 0.264450 -0.095227 0.315407 0.162451 0.103352 -0.105026
11.570000 0.263629 -0.096407 0.314065 0.170059 0.118677 -0.105527
11.580000 0.262790 -0.097486 0.312962 0.177997 0.129674 -0.104447
11.590000 0.261915 -0.098498 0.312105 0.188175 0.140150 -0.100690
11.600000 0.261028 -0.099517 0.311362 0.197468 0.145758 -0.095601
11.610000 0.260201 -0.100434 0.310817 0.204918 0.147274 -0.089805
11.620000 0.259398 -0.101315 0.310433 0.212053 0.145942 -0.082278
11.630000 0.258643 -0.102183 0.310206 0.216594 0.141031 -0.075890
11.640000 0.257906 -0.102968 0.310158 0.219296 0.134188 -0.071555
11.650000 0.257139 -0.103717 0.310224 0.222643 0.126312 -0.068907
11.660000 0.256378 -0.104419 0.310433 0.225059 0.116074 -0.070466
11.670000 0.255582 -0.105036 0.310751 0.228176 0.104141 -0.075825
11.680000 0.254743 -0.105575 0.311104 0.233024 0.091562 -0.083342
11.690000 0.253958 -0.106084 0.311422 0.237157 0.078891 -0.092786
11.700000 0.253215 -0.106534 0.311698 0.241371 0.065108 -0.102907
11.710000 0.252550 -0.106893 0.311901 0.246029 0.052919 -0.111711
11.720000 0.251932 -0.107235 0.312015 0.249153 0.042479 -0.119062
11.730000 0.251363 -0.107522 0.312069 0.251366 0.032093 -0.124568
11.740000 0.250806 -0.107738 0.312093 0.253457 0.023988 -0.127967
11.750000 0.250165 -0.107912 0.312057 0.256684 0.018126 -0.129963
11.760000 0.249565 -0.108020 0.312003 0.258755 0.013940 -0.131635
11.770000 0.248954 -0.108068 0.311925 0.263186 0.012662 -0.132124
11.780000 0.248295 -0.108110 0.311782 0.267774 0.014389 -0.131456
11.790000 0.247696 -0.108104 0.311620 0.272157 0.018021 -0.130414
11.800000 0.247193 -0.108062 0.311452 0.275886 0.024754 -0.128238
11.810000 0.246653 -0.108008 0.311266 0.279536 0.033302 -0.125015
11.820000 0.246144 -0.107900 0.311146 0.280273 0.042371 -0.121938
11.830000 0.245599 -0.107750 0.311110 0.281670 0.052311 -0.119151
11.840000 0.244999 -0.107588 0.311164 0.282081 0.062659 -0.117863
11.850000 0.244448 -0.107397 0.311314 0.281265 0.072867 -0.118489
11.860000 0.243879 -0.107193 0.311548 0.280590 0.083216 -0.120835
11.870000 0.243316 -0.107013 0.311817 0.279377 0.093577 -0.124466
11.880000 0.242770 -0.106815 0.312135 0.276897 0.102476 -0.129400
11.890000 0.242303 -0.106576 0.312477 0.273667 0.110393 -0.134376
11.900000 0.241740 -0.106300 0.312800 0.271753 0.117293 -0.138165
11.910000 0.241117 -0.105964 0.313178 0.268827 0.121220 -0.141888
11.920000 0.240409 -0.105581 0.313633 0.267896 0.122759 -0.145459
11.930000 0.239672 -0.105156 0.314118 0.268712 0.121306 -0.149089
11.940000 0.238822 -0.104676 0.314658 0.272266 0.116242 -0.153827
11.950000 0.237953 -0.104161 0.315239 0.277196 0.108490 -0.159519
11.960000 0.237090 -0.103580 0.315904 0.283709 0.097850 -0.166730
11.970000 0.236149 -0.103004 0.316581 0.290934 0.085257 -0.174299
11.980000 0.235226 -0.102393 0.317294 0.296638 0.069699 -0.183105
11.990000 0.234262 -0.101794 0.318073 0.303122 0.054204 -0.192958
12.000000 0.233219 -0.101165 0.318912 0.308658 0.038073 -0.203059
12.010000 0.232158 -0.100548 0.319793 0.312743 0.022024 -0.214208
12.020000 0.231014 -0.099924 0.320794 0.316668 0.006497 -0.226391
12.030000 0.229887 -0.099337 0.321794 0.318311 -0.007256 -0.237752
12.040000 0.228677 -0.098720 0.322807 0.319138 -0.020488 -0.249780
12.050000 0.227479 -0.098115 0.323910 0.318111 -0.031103 -0.261462
12.060000 0.226166 -0.097516 0.324988 0.317543 -0.038140 -0.271020
12.070000 0.224860 -0.096940 0.326139 0.313986 -0.042474 -0.279790
12.080000 0.223530 -0.096293 0.327289 0.309938 -0.045105 -0.286265
12.090000 0.222116 -0.095646 0.328529 0.307278 -0.044022 -0.292115
12.100000 0.220606 -0.094963 0.329764 0.303719 -0.040165 -0.295304
12.110000 0.219042 -0.094214 0.331088 0.301861 -0.035087 -0.297218
12.120000 0.217508 -0.093393 0.332454 0.301021 -0.025876 -0.298002
12.130000 0.215896 -0.092536 0.333838 0.301038 -0.016071 -0.296758
12.140000 0.214338 -0.091595 0.335283 0.301556 -0.006575 -0.295507
12.150000 0.212918 -0.090577 0.336739 0.302318 0.005344 -0.292370
12.160000 0.211486 -0.089528 0.338219 0.302899 0.018991 -0.289475
12.170000 0.210167 -0.088366 0.339723 0.302165 0.030732 -0.286928
12.180000 0.208957 -0.087101 0.341269 0.301541 0.042954 -0.283782
12.190000 0.207687 -0.085771 0.342839 0.302869 0.056072 -0.281668
12.200000 0.206488 -0.084339 0.344427 0.301899 0.065194 -0.280913
12.210000 0.205416 -0.082811 0.346032 0.302419 0.073949 -0.280546
12.220000 0.204391 -0.081175 0.347632 0.304258 0.080663 -0.281057
12.230000 0.203396 -0.079497 0.349154 0.305668 0.083648 -0.281182
12.240000 0.202545 -0.077730 0.350694 0.305308 0.084656 -0.281844
12.250000 0.201814 -0.075872 0.352204 0.305056 0.084704 -0.281584
12.260000 0.201029 -0.073991 0.353624 0.305923 0.081094 -0.280023
12.270000 0.200388 -0.072031 0.355116 0.304010 0.074547 -0.279935
12.280000 0.199837 -0.069982 0.356603 0.303390 0.067062 -0.278633
12.290000 0.199280 -0.067945 0.358029 0.303973 0.057810 -0.276179
12.300000 0.198764 -0.065859 0.359515 0.302851 0.046141 -0.276343
12.310000 0.198339 -0.063714 0.360959 0.303126 0.034845 -0.275075
12.320000 0.197854 -0.061581 0.362337 0.305800 0.023317 -0.272251
12.330000 0.197434 -0.059436 0.363667 0.307279 0.010626 -0.270139
12.340000 0.197158 -0.057249 0.364962 0.309884 -0.001094 -0.265973
12.350000 0.196853 -0.055103 0.366202 0.314664 -0.009728 -0.260579
12.360000 0.196565 -0.053000 0.367376 0.317892 -0.017751 -0.254507
12.370000 0.196409 -0.050867 0.368653 0.320366 -0.023911 -0.249628
12.380000 0.196266 -0.048764 0.369881 0.324758 -0.026110 -0.242875
12.390000 0.196098 -0.046750 0.371103 0.328188 -0.025745 -0.238692
12.400000 0.196032 -0.044713 0.372356 0.330060 -0.023099 -0.236380
12.410000 0.195996 -0.042670 0.373626 0.333377 -0.017579 -0.234694
12.420000 0.195948 -0.040692 0.374759 0.336069 -0.009948 -0.232597
12.430000 0.195990 -0.038733 0.375867 0.336746 -0.001105 -0.232747
12.440000 0.196086 -0.036756 0.376880 0.337620 0.010254 -0.230803
12.450000 0.196164 -0.034862 0.377803 0.337771 0.023366 -0.228063
12.460000 0.196296 -0.032933 0.378671 0.336022 0.035832 -0.224189
12.470000 0.196463 -0.030955 0.379474 0.334479 0.047942 -0.218649
12.480000 0.196589 -0.029014 0.380235 0.333322 0.060388 -0.213504
12.490000 0.196721 -0.027048 0.380954 0.331318 0.070261 -0.208459
12.500000 0.196877 -0.025029 0.381626 0.329997 0.078256 -0.203128
12.510000 0.197003 -0.023070 0.382249 0.329622 0.086995 -0.198430
12.520000 0.197128 -0.021116 0.382812 0.328761 0.092136 -0.194532
12.530000 0.197266 -0.019121 0.383327 0.328100 0.095420 -0.191760
12.540000 0.197350 -0.017203 0.383735 0.328277 0.098873 -0.189222
12.550000 0.197392 -0.015316 0.384046 0.328058 0.100497 -0.188004
12.560000 0.197410 -0.013446 0.384286 0.328314 0.101879 -0.186692
12.570000 0.197350 -0.011649 0.384418 0.329906 0.103660 -0.185056
12.580000 0.197254 -0.009881 0.384418 0.331510 0.103927 -0.183413
12.590000 0.197146 -0.008173 0.384322 0.333695 0.104256 -0.181669
12.600000 0.197021 -0.006603 0.384106 0.336341 0.107418 -0.178919
12.610000 0.196913 -0.005087 0.383807 0.338084 0.110558 -0.175865
12.620000 0.196847 -0.003661 0.383441 0.338841 0.113904 -0.171947
12.630000 0.196799 -0.002361 0.383028 0.338898 0.120683 -0.166809
12.640000 0.196763 -0.001121 0.382602 0.337923 0.128042 -0.161104
12.650000 0.196739 0.000030 0.382201 0.336438 0.136554 -0.155611
12.660000 0.196739 0.001097 0.381853 0.334719 0.145816 -0.150828
12.670000 0.196775 0.002061 0.381602 0.332730 0.156554 -0.147797
12.680000 0.196877 0.002936 0.381452 0.330009 0.168305 -0.146603
12.690000 0.197033 0.003787 0.381386 0.326723 0.178352 -0.147304
12.700000 0.197242 0.004530 0.381374 0.322382 0.188674 -0.149327
12.710000 0.197494 0.005195 0.381392 0.317089 0.198242 -0.151710
12.720000 0.197794 0.005854 0.381410 0.310726 0.204777 -0.153050
12.730000 0.198123 0.006424 0.381416 0.303725 0.211513 -0.152812
12.740000 0.198423 0.006963 0.381380 0.296843 0.214701 -0.150392
12.750000 0.198710 0.007418 0.381314 0.289782 0.215822 -0.145573
12.760000 0.199028 0.007832 0.381242 0.282982 0.214084 -0.139186
12.770000 0.199411 0.008161 0.381152 0.275821 0.210889 -0.131878
12.780000 0.199867 0.008389 0.381044 0.267529 0.206165 -0.124564
12.790000 0.200472 0.008533 0.380919 0.256483 0.200573 -0.117872
12.800000 0.201143 0.008599 0.380763 0.244146 0.195013 -0.112097
12.810000 0.201862 0.008587 0.380565 0.229483 0.189703 -0.107293
12.820000 0.202599 0.008539 0.380355 0.213616 0.183736 -0.103760
12.830000 0.203420 0.008455 0.380134 0.197379 0.177493 -0.100743
12.840000 0.204247 0.008311 0.379918 0.181187 0.171269 -0.098663
12.850000 0.205074 0.008125 0.379696 0.165400 0.164368 -0.097302
12.860000 0.206021 0.007910 0.379504 0.149294 0.157320 -0.097144
12.870000 0.206985 0.007658 0.379283 0.134783 0.150760 -0.097070
12.880000 0.208028 0.007394 0.379013 0.119756 0.144580 -0.097086
12.890000 0.209041 0.007143 0.378665 0.107519 0.138699 -0.096065
12.900000 0.209976 0.006855 0.378228 0.098528 0.133402 -0.093722
12.910000 0.210934 0.006513 0.377689 0.092541 0.128435 -0.089111
12.920000 0.211905 0.006124 0.377048 0.089850 0.124838 -0.081787
12.930000 0.213014 0.005633 0.376323 0.088445 0.124878 -0.072345
12.940000 0.214188 0.005051 0.375478 0.089245 0.127768 -0.061074
12.950000 0.215518 0.004404 0.374555 0.088577 0.134562 -0.048676
12.960000 0.216950 0.003691 0.373578 0.087593 0.144335 -0.035154
12.970000 0.218532 0.002894 0.372506 0.084842 0.157830 -0.020469
12.980000 0.220150 0.002127 0.371445 0.081966 0.172052 -0.007073
12.990000 0.221864 0.001324 0.370318 0.077646 0.188893 0.005828
13.000000 0.223656 0.000485 0.369186 0.074146 0.207217 0.016395
13.010000 0.225543 -0.000306 0.367934 0.070005 0.224364 0.025244
13.020000 0.227502 -0.001115 0.366651 0.066601 0.241473 0.031013
13.030000 0.229510 -0.001947 0.365243 0.065454 0.257925 0.036246
13.040000 0.231637 -0.002720 0.363775 0.063684 0.271744 0.038547
13.050000 0.233908 -0.003493 0.362163 0.063479 0.283785 0.039409
13.060000 0.236299 -0.004296 0.360455 0.063089 0.293006 0.040058
13.070000 0.238780 -0.005081 0.358688 0.063107 0.298172 0.038962
13.080000 0.241398 -0.005884 0.356860 0.061250 0.300831 0.036480
13.090000 0.244113 -0.006735 0.355003 0.060031 0.300557 0.033099
13.100000 0.246935 -0.007580 0.353043 0.057009 0.297191 0.029373
13.110000 0.249733 -0.008461 0.351030 0.055326 0.290138 0.025107
13.120000 0.252597 -0.009372 0.348927 0.052756 0.279785 0.021228
13.130000 0.255432 -0.010318 0.346704 0.050829 0.267695 0.019337
13.140000 0.258236 -0.011313 0.344385 0.051313 0.253561 0.019640
13.150000 0.261076 -0.012314 0.341952 0.051744 0.235363 0.023229
13.160000 0.263899 -0.013422 0.339465 0.053995 0.218075 0.029235
13.170000 0.266799 -0.014585 0.336972 0.055396 0.200104 0.037131
13.180000 0.269783 -0.015837 0.334504 0.054509 0.182813 0.045852
13.190000 0.272803 -0.017131 0.332083 0.052953 0.166291 0.054410
13.200000 0.275811 -0.018534 0.329752 0.050491 0.153811 0.061284
13.210000 0.278717 -0.019990 0.327499 0.047800 0.141769 0.065607
13.220000 0.281641 -0.021536 0.325348 0.044163 0.133493 0.066151
13.230000 0.284452 -0.023177 0.323232 0.042908 0.130643 0.064079
13.240000 0.287148 -0.024873 0.321195 0.043059 0.128970 0.058492
13.250000 0.289773 -0.026677 0.319206 0.043806 0.131631 0.051391
13.260000 0.292289 -0.028528 0.317294 0.046809 0.137798 0.043108
13.270000 0.294740 -0.030512 0.315425 0.049807 0.147597 0.035568
13.280000 0.297125 -0.032519 0.313639 0.052454 0.158430 0.026648
13.290000 0.299540 -0.034562 0.311883 0.054427 0.171865 0.018958
13.300000 0.301883 -0.036702 0.310092 0.055504 0.186701 0.013893
13.310000 0.304261 -0.038871 0.308288 0.052441 0.201149 0.011461
13.320000 0.306580 -0.041034 0.306574 0.048013 0.215410 0.012081
13.330000 0.308839 -0.043227 0.304867 0.041044 0.228363 0.017310
13.340000 0.310949 -0.045426 0.303255 0.032197 0.238470 0.024748
13.350000 0.313004 -0.047637 0.301817 0.022543 0.246719 0.033378
13.360000 0.314903 -0.049902 0.300468 0.014137 0.254348 0.042704
13.370000 0.316605 -0.052215 0.299246 0.006651 0.259749 0.050089
13.380000 0.318295 -0.054540 0.298185 -0.000803 0.263973 0.054791
13.390000 0.319715 -0.056907 0.297239 -0.003235 0.268570 0.058015
13.400000 0.320979 -0.059340 0.296352 -0.003952 0.272147 0.058021
13.410000 0.322262 -0.061779 0.295627 -0.003824 0.274887 0.053238
13.420000 0.323412 -0.064241 0.294968 0.000257 0.278205 0.046780
13.430000 0.324461 -0.066752 0.294344 0.003436 0.280407 0.038550
13.440000 0.325509 -0.069251 0.293799 0.005432 0.280794 0.028037
13.450000 0.326468 -0.071738 0.293332 0.007890 0.280455 0.017804
13.460000 0.327331 -0.074272 0.292858 0.009063 0.279043 0.007340
13.470000 0.328188 -0.076783 0.292427 0.007413 0.274007 -0.003695
13.480000 0.329015 -0.079270 0.292032 0.004769 0.268294 -0.012122
13.490000 0.329776 -0.081780 0.291612 0.001105 0.260543 -0.018160
13.500000 0.330543 -0.084309 0.291211 -0.005544 0.250800 -0.022264
13.510000 0.331364 -0.086808 0.290851 -0.014858 0.239494 -0.023332
13.520000 0.332071 -0.089348 0.290474 -0.023774 0.227752 -0.020687
13.530000 0.332742 -0.091913 0.290114 -0.035329 0.214660 -0.015627
13.540000 0.333371 -0.094478 0.289832 -0.046403 0.201362 -0.008212
13.550000 0.333934 -0.097090 0.289611 -0.055418 0.189205 0.001242
13.560000 0.334462 -0.099787 0.289485 -0.064125 0.177804 0.010202
13.570000 0.335097 -0.102537 0.289509 -0.072490 0.168522 0.017691
13.580000 0.335732 -0.105419 0.289629 -0.079015 0.165341 0.023762
13.590000 0.336457 -0.108415 0.289790 -0.085884 0.165970 0.026843
13.600000 0.337254 -0.111501 0.290018 -0.093038 0.171904 0.026897
13.610000 0.338033 -0.114653 0.290270 -0.098366 0.183499 0.025635
13.620000 0.338830 -0.117883 0.290510 -0.103301 0.199756 0.023192
13.630000 0.339591 -0.121119 0.290767 -0.106499 0.219062 0.019601
13.640000 0.340238 -0.124378 0.291007 -0.105712 0.241766 0.016713
13.650000 0.340843 -0.127638 0.291199 -0.102387 0.266258 0.014845
13.660000 0.341395 -0.130844 0.291360 -0.095417 0.288280 0.013851
13.670000 0.341964 -0.134038 0.291504 -0.086783 0.310495 0.014073
13.680000 0.342521 -0.137225 0.291612 -0.076258 0.331100 0.015527
13.690000 0.343144 -0.140347 0.291696 -0.067350 0.345785 0.017418
13.700000 0.343815 -0.143469 0.291756 -0.059276 0.358201 0.019851
13.710000 0.344486 -0.146573 0.291762 -0.052997 0.366646 0.023132
13.720000 0.345074 -0.149647 0.291726 -0.049108 0.368768 0.026546
13.730000 0.345679 -0.152715 0.291672 -0.047535 0.366803 0.030038
13.740000 0.346182 -0.155765 0.291600 -0.046086 0.359971 0.033455
13.750000 0.346578 -0.158863 0.291510 -0.045506 0.348876 0.035996
13.760000 0.346901 -0.161943 0.291438 -0.045793 0.333073 0.037263
13.770000 0.347195 -0.165059 0.291378 -0.046168 0.315112 0.037772
13.780000 0.347435 -0.168270 0.291312 -0.046440 0.295620 0.037353
13.790000 0.347650 -0.171488 0.291289 -0.047848 0.273318 0.035125
13.800000 0.347860 -0.174730 0.291312 -0.049794 0.251306 0.031768
13.810000 0.348010 -0.178068 0.291354 -0.051606 0.230549 0.027499
13.820000 0.348100 -0.181423 0.291444 -0.054189 0.209066 0.021583
13.830000 0.348196 -0.184803 0.291564 -0.056678 0.189794 0.015548
13.840000 0.348250 -0.188182 0.291666 -0.057863 0.170610 0.009939
13.850000 0.348250 -0.191622 0.291744 -0.058603 0.153902 0.005074
13.860000 0.348250 -0.195055 0.291804 -0.058818 0.139082 0.002083
13.870000 0.348238 -0.198489 0.291834 -0.057344 0.126449 0.001044
13.880000 0.348238 -0.201982 0.291846 -0.055460 0.116430 0.001170
13.890000 0.348297 -0.205475 0.291888 -0.053775 0.109002 0.001749
13.900000 0.348417 -0.209005 0.291960 -0.052179 0.105991 0.002541
13.910000 0.348573 -0.212528 0.292079 -0.051442 0.104955 0.002146
13.920000 0.348825 -0.216099 0.292235 -0.053088 0.107606 0.000423
13.930000 0.349160 -0.219647 0.292421 -0.056322 0.113193 -0.002648
13.940000 0.349484 -0.223224 0.292589 -0.060609 0.122534 -0.006335
13.950000 0.349819 -0.226741 0.292709 -0.066680 0.131855 -0.010186
13.960000 0.350239 -0.230247 0.292775 -0.073679 0.143867 -0.013195
13.970000 0.350664 -0.233710 0.292775 -0.079906 0.156621 -0.014508
13.980000 0.351120 -0.237156 0.292733 -0.087632 0.169474 -0.014162
13.990000 0.351689 -0.240487 0.292703 -0.096187 0.180468 -0.012494
14.000000 0.352288 -0.243807 0.292703 -0.103722 0.192464 -0.009915
14.010000 0.352971 -0.247073 0.292727 -0.112340 0.202417 -0.006926
14.020000 0.353708 -0.250207 0.292805 -0.121470 0.208969 -0.004619
14.030000 0.354463 -0.253245 0.292918 -0.128473 0.212843 -0.002854
14.040000 0.355230 -0.256235 0.293044 -0.134846 0.214448 -0.001788
14.050000 0.355955 -0.259069 0.293212 -0.138919 0.210048 -0.002343
14.060000 0.356704 -0.261825 0.293434 -0.139935 0.203116 -0.004216
14.070000 0.357453 -0.264510 0.293679 -0.138080 0.193034 -0.007261
14.080000 0.358232 -0.267158 0.293955 -0.133592 0.180040 -0.012369
14.090000 0.359107 -0.269741 0.294255 -0.126449 0.165218 -0.019020
14.100000 0.360048 -0.272294 0.294524 -0.118041 0.149374 -0.026385
14.110000 0.360965 -0.274846 0.294746 -0.108092 0.133557 -0.034590
14.120000 0.361912 -0.277345 0.294944 -0.097262 0.117033 -0.042853
14.130000 0.362936 -0.279838 0.295117 -0.085223 0.103219 -0.050219
14.140000 0.363925 -0.282306 0.295279 -0.072509 0.088554 -0.057138
14.150000 0.365081 -0.284751 0.295483 -0.063184 0.076487 -0.064153
14.160000 0.366292 -0.287148 0.295711 -0.052959 0.065505 -0.070119
14.170000 0.367466 -0.289557 0.295914 -0.045070 0.057645 -0.075253
14.180000 0.368665 -0.291882 0.296130 -0.040178 0.049380 -0.080229
14.190000 0.369995 -0.294183 0.296358 -0.038234 0.045209 -0.083656
14.200000 0.371193 -0.296424 0.296538 -0.035019 0.041312 -0.085197
14.210000 0.372374 -0.298629 0.296687 -0.036135 0.039823 -0.085262
14.220000 0.373554 -0.300732 0.296843 -0.037525 0.038716 -0.082706
14.230000 0.374729 -0.302811 0.296987 -0.038994 0.041152 -0.077586
14.240000 0.375807 -0.304855 0.297137 -0.041104 0.043317 -0.071331
14.250000 0.376946 -0.306802 0.297341 -0.045969 0.045972 -0.063875
14.260000 0.378048 -0.308744 0.297580 -0.049602 0.052720 -0.055757
14.270000 0.379007 -0.310601 0.297796 -0.053355 0.057812 -0.046887
14.280000 0.379882 -0.312417 0.298042 -0.057458 0.064082 -0.038660
14.290000 0.380649 -0.314166 0.298311 -0.058351 0.072328 -0.030551
14.300000 0.381278 -0.315892 0.298557 -0.057793 0.081360 -0.022724
14.310000 0.381811 -0.317516 0.298827 -0.056528 0.088909 -0.016830
14.320000 0.382345 -0.319074 0.299156 -0.053938 0.097785 -0.012183
14.330000 0.382722 -0.320590 0.299480 -0.048545 0.106454 -0.008019
14.340000 0.382980 -0.322034 0.299833 -0.044491 0.112660 -0.006729
14.350000 0.383279 -0.323376 0.300229 -0.041473 0.117021 -0.007068
14.360000 0.383459 -0.324629 0.300612 -0.036476 0.121435 -0.008250
14.370000 0.383501 -0.325833 0.300948 -0.033019 0.121771 -0.010862
14.380000 0.383561 -0.326906 0.301319 -0.031237 0.119665 -0.015291
14.390000 0.383561 -0.327900 0.301649 -0.027851 0.116212 -0.019302
14.400000 0.383501 -0.328799 0.301901 -0.025557 0.109183 -0.023768
14.410000 0.383495 -0.329608 0.302134 -0.025389 0.098325 -0.028919
14.420000 0.383477 -0.330327 0.302374 -0.024199 0.086564 -0.033649
14.430000 0.383375 -0.330986 0.302554 -0.023135 0.073582 -0.037593
14.440000 0.383273 -0.331567 0.302721 -0.023105 0.058707 -0.042149
14.450000 0.383160 -0.332059 0.302865 -0.021163 0.043640 -0.045980
14.460000 0.382974 -0.332508 0.302931 -0.017152 0.028538 -0.048680
14.470000 0.382830 -0.332880 0.302931 -0.013795 0.013894 -0.050751
14.480000 0.382752 -0.333185 0.302907 -0.009227 0.000627 -0.051600
14.490000 0.382686 -0.333467 0.302817 -0.004047 -0.010711 -0.050620
14.500000 0.382662 -0.333701 0.302703 -0.000481 -0.020683 -0.049404
14.510000 0.382680 -0.333844 0.302620 0.002645 -0.028182 -0.047723
14.520000 0.382692 -0.333970 0.302542 0.005377 -0.031692 -0.045478
14.530000 0.382710 -0.334060 0.302488 0.006437 -0.033505 -0.044098
14.540000 0.382758 -0.334090 0.302506 0.006830 -0.032361 -0.043933
14.550000 0.382788 -0.334108 0.302536 0.007306 -0.027069 -0.043996
14.560000 0.382842 -0.334114 0.302584 0.006296 -0.019697 -0.045048
14.570000 0.382938 -0.334072 0.302674 0.004822 -0.010034 -0.046642
14.580000 0.382986 -0.334030 0.302733 0.004186 0.002865 -0.047214
14.590000 0.383010 -0.333976 0.302757 0.002991 0.016402 -0.047224
14.600000 0.383052 -0.333880 0.302787 0.001839 0.030929 -0.046330
14.610000 0.383040 -0.333761 0.302781 0.002298 0.047325 -0.043198
14.620000 0.383004 -0.333635 0.302751 0.002712 0.063792 -0.038821
14.630000 0.382980 -0.333467 0.302739 0.003393 0.079146 -0.033432
14.640000 0.382956 -0.333263 0.302745 0.004771 0.093712 -0.026734
14.650000 0.382920 -0.333054 0.302751 0.005904 0.106321 -0.019538
14.660000 0.382902 -0.332820 0.302781 0.006431 0.117106 -0.012922
14.670000 0.382884 -0.332568 0.302829 0.007243 0.126564 -0.006795
14.680000 0.382860 -0.332311 0.302865 0.007675 0.133563 -0.001185
14.690000 0.382848 -0.332017 0.302943 0.007659 0.137508 0.002998
14.700000 0.382824 -0.331717 0.303057 0.008088 0.139594 0.006341
14.710000 0.382782 -0.331448 0.303207 0.008632 0.139015 0.007853
14.720000 0.382764 -0.331190 0.303393 0.009079 0.136044 0.007175
14.730000 0.382740 -0.330938 0.303578 0.010553 0.131821 0.005257
14.740000 0.382692 -0.330735 0.303716 0.012386 0.126453 0.002534
14.750000 0.382644 -0.330561 0.303818 0.014208 0.119562 -0.000819
14.760000 0.382566 -0.330417 0.303884 0.016987 0.112678 -0.003462
14.770000 0.382452 -0.330309 0.303920 0.020135 0.105557 -0.005383
14.780000 0.382369 -0.330225 0.303944 0.022656 0.098100 -0.006689
14.790000 0.382303 -0.330141 0.303986 0.025719 0.090624 -0.007855
14.800000 0.382231 -0.330081 0.304016 0.028769 0.083404 -0.008669
14.810000 0.382195 -0.330039 0.304058 0.030740 0.076199 -0.010020
14.820000 0.382189 -0.330016 0.304088 0.032357 0.069876 -0.011265
14.830000 0.382201 -0.330022 0.304100 0.033445 0.064859 -0.012589
14.840000 0.382225 -0.330045 0.304106 0.033725 0.060865 -0.013974
14.850000 0.382231 -0.330069 0.304118 0.034167 0.058107 -0.014968
14.860000 0.382219 -0.330117 0.304124 0.034800 0.057068 -0.015503
14.870000 0.382219 -0.330183 0.304124 0.035356 0.057237 -0.015803
14.880000 0.382231 -0.330249 0.304112 0.036262 0.058506 -0.015559
14.890000 0.382237 -0.330351 0.304076 0.037422 0.061663 -0.014702
14.900000 0.382273 -0.330471 0.304034 0.037897 0.065703 -0.013689
14.910000 0.382327 -0.330597 0.303992 0.038143 0.070990 -0.012307
14.920000 0.382393 -0.330747 0.303944 0.037860 0.077624 -0.010648
14.930000 0.382482 -0.330890 0.303890 0.036548 0.084348 -0.009047
14.940000 0.382542 -0.331004 0.303848 0.035420 0.091044 -0.007655
14.950000 0.382566 -0.331088 0.303818 0.034258 0.097021 -0.006290
14.960000 0.382578 -0.331136 0.303806 0.033043 0.101461 -0.005428
14.970000 0.382590 -0.331148 0.303806 0.032309 0.104183 -0.004791
14.980000 0.382578 -0.331136 0.303812 0.032285 0.105016 -0.004517
14.990000 0.382554 -0.331100 0.303812 0.032448 0.103795 -0.004397
