0.000100 0.000000 -0.000000 1.000000 0.000000 0.000000 0.000000
0.010100 0.000001 -0.003362 1.000000 0.000000 0.000000 0.000000
0.020100 0.000000 0.004842 1.000000 0.000000 0.000000 0.000000
0.030100 -0.000000 0.002199 1.000000 0.000000 0.000000 0.000000
0.040100 0.000000 0.007378 1.000000 0.000000 0.000000 0.000000
0.050100 0.000001 -0.004837 1.000000 0.000000 0.000000 0.000000
0.060100 0.000000 -0.003804 1.000000 0.000000 0.000000 0.000000
0.070100 0.000000 0.000047 1.000000 0.000000 0.000000 0.000000
0.080100 0.000000 -0.007936 1.000000 0.000000 0.000000 0.000000
0.090100 0.000000 -0.014753 1.000000 0.000000 0.000000 0.000000
0.100100 0.000000 -0.004424 1.000000 0.000000 0.000000 0.000000
0.110100 0.000001 -0.004776 1.000000 0.000000 0.000000 0.000000
0.120100 0.000000 -0.003366 1.000000 0.000000 0.000000 0.000000
0.130100 -0.000000 -0.001221 1.000000 0.000000 0.000000 0.000000
0.140100 0.000000 -0.009784 1.000000 0.000000 0.000000 0.000000
0.150100 0.000001 -0.002675 1.000000 0.000000 0.000000 0.000000
0.160100 0.000000 -0.004920 1.000000 0.000000 0.000000 0.000000
0.170100 0.000000 -0.008331 1.000000 0.000000 0.000000 0.000000
0.180100 0.000000 0.014113 1.000000 0.000000 0.000000 0.000000
0.190100 0.000000 -0.005030 1.000000 0.000000 0.000000 0.000000
0.200100 0.000000 -0.006595 1.000000 0.000000 0.000000 0.000000
0.210100 0.000000 -0.004637 1.000000 0.000000 0.000000 0.000000
0.220100 0.000000 -0.003705 1.000000 0.000000 0.000000 0.000000
0.230100 0.000000 -0.006996 1.000000 0.000000 0.000000 0.000000
0.240100 0.000000 -0.003248 1.000000 0.000000 0.000000 0.000000
0.250100 0.000000 -0.005545 1.000000 0.000000 0.000000 0.000000
0.260100 0.000001 -0.008745 1.000000 0.000000 0.000000 0.000000
0.270100 0.000000 0.006703 1.000000 0.000000 0.000000 0.000000
0.280100 -0.000000 -0.007319 1.000000 0.000000 0.000000 0.000000
0.290100 0.000000 -0.010236 1.000000 0.000000 0.000000 0.000000
0.300100 0.000000 -0.007770 1.000000 0.000000 0.000000 0.000000
0.310100 0.000000 -0.005673 1.000000 0.000000 0.000000 0.000000
0.320100 0.000000 -0.003080 1.000000 0.000000 0.000000 0.000000
0.330100 0.000000 -0.009954 1.000000 0.000000 0.000000 0.000000
0.340100 0.000000 -0.001534 1.000000 0.000000 0.000000 0.000000
0.350100 0.000000 -0.007616 1.000000 0.000000 0.000000 0.000000
0.360100 0.000000 -0.009667 1.000000 0.000000 0.000000 0.000000
0.370100 0.000000 -0.009696 1.000000 0.000000 0.000000 0.000000
0.380100 0.000000 -0.003976 1.000000 0.000000 0.000000 0.000000
0.390100 0.000000 -0.019179 1.000000 0.000000 0.000000 0.000000
0.400100 0.000000 -0.008986 1.000000 0.000000 0.000000 0.000000
0.410100 0.000000 0.006159 1.000000 0.000000 0.000000 0.000000
0.420100 0.000000 -0.000895 1.000000 0.000000 0.000000 0.000000
0.430100 0.000000 -0.000398 1.000000 0.000000 0.000000 0.000000
0.440100 0.000000 0.001316 1.000000 0.000000 0.000000 0.000000
0.450100 0.000000 -0.019055 1.000000 0.000000 0.000000 0.000000
0.460100 0.000001 -0.007158 1.000000 0.000000 0.000000 0.000000
0.470100 0.000000 -0.006756 1.000000 0.000000 0.000000 0.000000
0.480100 0.000000 -0.002318 1.000000 0.000000 0.000000 0.000000
0.490100 0.000000 -0.010669 1.000000 0.000000 0.000000 0.000000
0.500100 0.000000 -0.006338 1.000000 0.000000 0.000000 0.000000
0.510100 0.000000 -0.008744 1.000000 0.000000 0.000000 0.000000
0.520100 0.000000 -0.002866 1.000000 0.000000 0.000000 0.000000
0.530100 0.000000 -0.004579 1.000000 0.000000 0.000000 0.000000
0.540100 0.000000 -0.005252 1.000000 0.000000 0.000000 0.000000
0.550100 0.000000 0.006657 1.000000 0.000000 0.000000 0.000000
0.560100 0.000000 -0.005156 1.000000 0.000000 0.000000 0.000000
0.570100 0.000000 -0.011253 1.000000 0.000000 0.000000 0.000000
0.580100 0.000000 -0.005884 1.000000 0.000000 0.000000 0.000000
0.590100 -0.000000 -0.003767 1.000000 0.000000 0.000000 0.000000
0.600100 0.000000 -0.001852 1.000000 0.000000 0.000000 0.000000
0.610100 0.000000 -0.002146 1.000000 0.000000 0.000000 0.000000
0.620100 0.000000 -0.008233 1.000000 0.000000 0.000000 0.000000
0.630100 0.000000 -0.006524 1.000000 0.000000 0.000000 0.000000
0.640100 -0.000000 -0.000531 1.000000 0.000000 0.000000 0.000000
0.650100 0.000000 -0.016466 1.000000 0.000000 0.000000 0.000000
0.660100 0.000000 -0.003050 1.000000 0.000000 0.000000 0.000000
0.670100 0.000000 -0.005258 1.000000 0.000000 0.000000 0.000000
0.680100 0.000000 -0.012309 1.000000 0.000000 0.000000 0.000000
0.690100 0.000001 -0.003951 1.000000 0.000000 0.000000 0.000000
0.700100 0.000000 -0.002205 1.000000 0.000000 0.000000 0.000000
0.710100 0.000000 -0.009708 1.000000 0.000000 0.000000 0.000000
0.720100 0.000001 -0.001553 1.000000 0.000000 0.000000 0.000000
0.730100 0.000000 -0.007807 1.000000 0.000000 0.000000 0.000000
0.740100 0.000000 -0.013272 1.000000 0.000000 0.000000 0.000000
0.750100 0.000000 0.002499 1.000000 0.000000 0.000000 0.000000
0.760100 0.000000 -0.005071 1.000000 0.000000 0.000000 0.000000
0.770100 0.000000 -0.001784 1.000000 0.000000 0.000000 0.000000
0.780100 0.000000 0.004943 1.000000 0.000000 0.000000 0.000000
0.790100 0.000000 -0.014635 1.000000 0.000000 0.000000 0.000000
0.800100 0.000000 -0.002134 1.000000 0.000000 0.000000 0.000000
0.810100 0.000000 -0.004520 1.000000 0.000000 0.000000 0.000000
0.820100 0.000000 -0.011192 1.000000 0.000000 0.000000 0.000000
0.830100 0.000001 0.001819 1.000000 0.000000 0.000000 0.000000
0.840100 0.000001 -0.006499 1.000000 0.000000 0.000000 0.000000
0.850100 0.000000 -0.004149 1.000000 0.000000 0.000000 0.000000
0.860100 0.000001 -0.005792 1.000000 0.000000 0.000000 0.000000
0.870100 0.000001 -0.007284 1.000000 0.000000 0.000000 0.000000
0.880100 0.000000 0.009028 1.000000 0.000000 0.000000 0.000000
0.890100 0.000000 -0.001770 1.000000 0.000000 0.000000 0.000000
0.900100 0.000000 -0.004123 1.000000 0.000000 0.000000 0.000000
0.910100 0.000000 -0.003332 1.000000 0.000000 0.000000 0.000000
0.920100 0.000000 -0.013432 1.000000 0.000000 0.000000 0.000000
0.930100 0.000000 -0.006570 1.000000 0.000000 0.000000 0.000000
0.940100 0.000000 -0.006548 1.000000 0.000000 0.000000 0.000000
0.950100 0.000000 -0.018605 1.000000 0.000000 0.000000 0.000000
0.960100 0.000000 -0.002823 1.000000 0.000000 0.000000 0.000000
0.970100 0.000000 -0.005675 1.000000 0.000000 0.000000 0.000000
0.980100 0.000000 -0.002674 1.000000 0.000000 0.000000 0.000000
0.990100 0.000000 -0.001547 1.000000 0.000000 0.000000 0.000000
1.000100 0.000001 -0.005435 1.000000 0.000000 0.000000 0.000000
1.010100 0.000000 0.003251 1.000000 0.000000 0.000000 0.000000
1.020100 0.000000 -0.004196 1.000000 0.000000 0.000000 0.000000
1.030100 0.000000 -0.003099 1.000000 0.000000 0.000000 0.000000
1.040100 0.000001 -0.004689 1.000000 0.000000 0.000000 0.000000
1.050100 0.000001 -0.007731 1.000000 0.000000 0.000000 0.000000
1.060100 -0.000000 -0.006729 1.000000 0.000000 0.000000 0.000000
1.070100 0.000000 -0.004332 1.000000 0.000000 0.000000 0.000000
1.080100 0.000000 -0.001405 1.000000 0.000000 0.000000 0.000000
1.090100 0.000000 -0.002657 1.000000 0.000000 0.000000 0.000000
1.100100 -0.000000 -0.003796 1.000000 0.000000 0.000000 0.000000
1.110100 0.000000 0.004531 1.000000 0.000000 0.000000 0.000000
1.120100 0.000000 -0.005939 1.000000 0.000000 0.000000 0.000000
1.130100 0.000000 0.005077 1.000000 0.000000 0.000000 0.000000
1.140100 0.000001 -0.011539 1.000000 0.000000 0.000000 0.000000
1.150100 0.000001 -0.000019 1.000000 0.000000 0.000000 0.000000
1.160100 -0.000000 0.012698 1.000000 0.000000 0.000000 0.000000
1.170100 0.000000 -0.002604 1.000000 0.000000 0.000000 0.000000
1.180100 0.000000 0.003206 1.000000 0.000000 0.000000 0.000000
1.190100 0.000000 -0.003800 1.000000 0.000000 0.000000 0.000000
1.200100 0.000001 -0.000175 1.000000 0.000000 0.000000 0.000000
1.210100 0.000000 -0.005378 1.000000 0.000000 0.000000 0.000000
1.220100 0.000000 0.003295 1.000000 0.000000 0.000000 0.000000
1.230100 0.000000 -0.001621 1.000000 0.000000 0.000000 0.000000
1.240100 0.000000 0.009663 1.000000 0.000000 0.000000 0.000000
1.250100 0.000000 -0.002376 1.000000 0.000000 0.000000 0.000000
1.260100 0.000000 -0.009187 1.000000 0.000000 0.000000 0.000000
1.270100 0.000000 0.001508 1.000000 0.000000 0.000000 0.000000
1.280100 0.000000 0.000647 1.000000 0.000000 0.000000 0.000000
1.290100 0.000000 0.001386 1.000000 0.000000 0.000000 0.000000
1.300100 0.000000 0.004032 1.000000 0.000000 0.000000 0.000000
1.310100 0.000000 -0.006076 1.000000 0.000000 0.000000 0.000000
1.320100 0.000001 -0.000349 1.000000 0.000000 0.000000 0.000000
1.330100 0.000000 0.000457 1.000000 0.000000 0.000000 0.000000
1.340100 0.000000 -0.001390 1.000000 0.000000 0.000000 0.000000
1.350100 0.000000 0.000730 1.000000 0.000000 0.000000 0.000000
1.360100 0.000000 0.002615 1.000000 0.000000 0.000000 0.000000
1.370100 0.000000 -0.003552 1.000000 0.000000 0.000000 0.000000
1.380100 0.000001 0.001943 1.000000 0.000000 0.000000 0.000000
1.390100 0.000001 -0.002524 1.000000 0.000000 0.000000 0.000000
1.400100 0.000000 0.013523 1.000000 0.000000 0.000000 0.000000
1.410100 0.000000 -0.004380 1.000000 0.000000 0.000000 0.000000
1.420100 0.000000 0.006948 1.000000 0.000000 0.000000 0.000000
1.430100 0.000000 0.007085 1.000000 0.000000 0.000000 0.000000
1.440100 0.000000 0.002819 1.000000 0.000000 0.000000 0.000000
1.450100 0.000000 0.000541 1.000000 0.000000 0.000000 0.000000
1.460100 0.000000 0.003674 1.000000 0.000000 0.000000 0.000000
1.470100 0.000001 -0.007115 1.000000 0.000000 0.000000 0.000000
1.480100 0.000000 -0.001819 1.000000 0.000000 0.000000 0.000000
1.490100 0.000000 0.002435 1.000000 0.000000 0.000000 0.000000
1.500100 0.000001 0.002897 1.000000 0.000000 0.000000 0.000000
1.510100 0.000000 -0.003064 1.000000 0.000000 0.000000 0.000000
1.520100 0.000000 0.013546 1.000000 0.000000 0.000000 0.000000
1.530100 0.000000 -0.000966 1.000000 0.000000 0.000000 0.000000
1.540100 0.000000 0.006913 1.000000 0.000000 0.000000 0.000000
1.550100 0.000000 0.002596 1.000000 0.000000 0.000000 0.000000
1.560100 0.000000 0.010119 1.000000 0.000000 0.000000 0.000000
1.570100 0.000001 0.029912 1.000000 0.000000 0.000000 0.000000
1.580100 0.000002 0.071924 1.000000 0.000000 0.000000 0.000000
1.590100 0.000004 0.092932 1.000000 0.000000 0.000000 0.000000
1.600100 0.000008 0.103441 1.000000 0.000000 0.000000 0.000000
1.610100 0.000013 0.089468 1.000000 0.000000 0.000000 0.000000
1.620100 0.000016 0.084427 1.000000 0.000000 0.000000 0.000000
1.630100 0.000016 0.103665 1.000000 0.000000 0.000000 0.000000
1.640100 0.000015 0.105433 1.000000 0.000000 0.000000 0.000000
1.650100 0.000015 0.107100 1.000000 0.000000 0.000000 0.000000
1.660100 0.000016 0.107476 1.000000 0.000000 0.000000 0.000000
1.670100 0.000017 0.107939 1.000000 0.000000 0.000000 0.000000
1.680100 0.000017 0.120096 1.000000 0.000000 0.000000 0.000000
1.690100 0.000017 0.124810 1.000000 0.000000 0.000000 0.000000
1.700100 0.000017 0.131174 1.000000 0.000000 0.000000 0.000000
1.710100 0.000017 0.137045 1.000000 0.000000 0.000000 0.000000
1.720100 0.000018 0.126315 1.000000 0.000000 0.000000 0.000000
1.730100 0.000019 0.141582 1.000000 0.000000 0.000000 0.000000
1.740100 0.000020 0.135922 1.000000 0.000000 0.000000 0.000000
1.750100 0.000021 0.129649 1.000000 0.000000 0.000000 0.000000
1.760100 0.000023 0.129633 1.000000 0.000000 0.000000 0.000000
1.770100 0.000025 0.131617 1.000000 0.000000 0.000000 0.000000
1.780100 0.000029 0.127736 1.000000 0.000000 0.000000 0.000000
1.790100 0.000034 0.181767 1.000000 0.000000 0.000000 0.000000
1.800100 0.000045 0.256570 1.000000 0.000000 0.000000 0.000000
1.810100 0.000064 0.291129 1.000000 0.000000 0.000000 0.000000
1.820100 0.000094 0.302003 1.000000 0.000000 0.000000 0.000000
1.830100 0.000135 0.286434 1.000000 0.000000 0.000000 0.000000
1.840100 0.000185 0.174048 1.000000 0.000000 0.000000 0.000000
1.850100 0.000240 0.007913 1.000000 0.000000 0.000000 0.000000
1.860100 0.000296 0.019910 1.000000 0.000000 0.000000 0.000000
1.870100 0.000350 0.064541 1.000000 0.000000 0.000000 0.000000
1.880100 0.000405 -0.005118 1.000000 0.000000 0.000000 0.000000
1.890100 0.000457 -0.004173 1.000000 0.000000 0.000000 0.000000
1.900100 0.000506 -0.084521 1.000000 0.000000 0.000000 0.000000
1.910100 0.000549 -0.331845 1.000000 0.000000 0.000000 0.000000
1.920100 0.000580 -0.527334 1.000000 0.000000 0.000000 0.000000
1.930100 0.000590 -0.451274 1.000000 0.000000 0.000000 0.000000
1.940100 0.000580 -0.381436 1.000000 0.000000 0.000000 0.000000
1.950100 0.000558 -0.288286 1.000000 0.000000 0.000000 0.000000
1.960100 0.000527 -0.115856 1.000000 0.000000 0.000000 0.000000
1.970100 0.000492 -0.039684 1.000000 0.000000 0.000000 0.000000
1.980100 0.000461 0.044499 1.000000 0.000000 0.000000 0.000000
1.990100 0.000436 0.098423 1.000000 0.000000 0.000000 0.000000
2.000100 0.000418 0.051273 1.000000 0.000000 0.000000 0.000000
2.010100 0.000407 -0.015344 1.000000 0.000000 0.000000 0.000000
2.020100 0.000400 0.006358 1.000000 0.000000 0.000000 0.000000
2.030100 0.000395 0.122334 1.000000 0.000000 0.000000 0.000000
2.040100 0.000398 0.072384 1.000000 0.000000 0.000000 0.000000
2.050100 0.000403 0.056458 1.000000 0.000000 0.000000 0.000000
2.060100 0.000412 0.017641 1.000000 0.000000 0.000000 0.000000
2.070100 0.000421 0.013638 1.000000 0.000000 0.000000 0.000000
2.080100 0.000429 -0.022013 1.000000 0.000000 0.000000 0.000000
2.090100 0.000436 -0.023306 1.000000 0.000000 0.000000 0.000000
2.100100 0.000439 -0.015931 1.000000 0.000000 0.000000 0.000000
2.110100 0.000441 -0.026320 1.000000 0.000000 0.000000 0.000000
2.120100 0.000441 0.000086 1.000000 0.000000 0.000000 0.000000
2.130100 0.000440 0.003445 1.000000 0.000000 0.000000 0.000000
2.140100 0.000440 -0.010063 1.000000 0.000000 0.000000 0.000000
2.150100 0.000440 -0.005191 1.000000 0.000000 0.000000 0.000000
2.160100 0.000440 0.011015 1.000000 0.000000 0.000000 0.000000
2.170100 0.000440 0.005170 1.000000 0.000000 0.000000 0.000000
2.180100 0.000441 0.023627 1.000000 0.000000 0.000000 0.000000
2.190100 0.000441 0.027277 1.000000 0.000000 0.000000 0.000000
2.200100 0.000442 0.030790 1.000000 0.000000 0.000000 0.000000
2.210100 0.000443 0.040899 1.000000 0.000000 0.000000 0.000000
2.220100 0.000445 0.093262 1.000000 0.000000 0.000000 0.000000
2.230100 0.000451 0.128922 1.000000 0.000000 0.000000 0.000000
2.240100 0.000461 0.149053 1.000000 0.000000 0.000000 0.000000
2.250100 0.000477 0.073469 1.000000 0.000000 0.000000 0.000000
2.260100 0.000497 -0.072218 1.000000 0.000000 0.000000 0.000000
2.270100 0.000516 -0.132177 1.000000 0.000000 0.000000 0.000000
2.280100 0.000531 -0.170004 1.000000 0.000000 0.000000 0.000000
2.290100 0.000538 -0.171067 1.000000 0.000000 0.000000 0.000000
2.300100 0.000538 -0.156513 1.000000 0.000000 0.000000 0.000000
2.310100 0.000533 -0.152966 1.000000 0.000000 0.000000 0.000000
2.320100 0.000525 -0.135843 1.000000 0.000000 0.000000 0.000000
2.330100 0.000517 -0.115197 1.000000 0.000000 0.000000 0.000000
2.340100 0.000508 -0.089344 1.000000 0.000000 0.000000 0.000000
2.350100 0.000500 -0.056945 1.000000 0.000000 0.000000 0.000000
2.360100 0.000491 -0.027641 1.000000 0.000000 0.000000 0.000000
2.370100 0.000485 -0.007968 1.000000 0.000000 0.000000 0.000000
2.380100 0.000482 -0.001185 1.000000 0.000000 0.000000 0.000000
2.390100 0.000482 -0.003694 1.000000 0.000000 0.000000 0.000000
2.400100 0.000485 0.017317 1.000000 0.000000 0.000000 0.000000
2.410100 0.000489 0.030198 1.000000 0.000000 0.000000 0.000000
2.420100 0.000494 0.056620 1.000000 0.000000 0.000000 0.000000
2.430100 0.000501 0.107881 1.000000 0.000000 0.000000 0.000000
2.440100 0.000513 0.182254 1.000000 0.000000 0.000000 0.000000
2.450100 0.000533 0.363157 1.000000 0.000000 0.000000 0.000000
2.460100 0.000566 0.703913 1.000000 0.000000 0.000000 0.000000
2.470100 0.000625 0.782268 1.000000 0.000000 0.000000 0.000000
2.480100 0.000715 0.628620 1.000000 0.000000 0.000000 0.000000
2.490100 0.000829 0.552610 1.000000 0.000000 0.000000 0.000000
2.500100 0.000959 0.478324 1.000000 0.000000 0.000000 0.000000
2.510100 0.001104 0.433440 1.000000 0.000000 0.000000 0.000000
2.520100 0.001264 0.318721 1.000000 0.000000 0.000000 0.000000
2.530100 0.001436 0.167446 1.000000 0.000000 0.000000 0.000000
2.540100 0.001615 -0.067416 1.000000 0.000000 0.000000 0.000000
2.550100 0.001789 -0.117150 1.000000 0.000000 0.000000 0.000000
2.560100 0.001955 -0.184717 1.000000 0.000000 0.000000 0.000000
2.570100 0.002108 -0.184592 1.000000 0.000000 0.000000 0.000000
2.580100 0.002250 -0.190818 1.000000 0.000000 0.000000 0.000000
2.590100 0.002381 -0.318250 1.000000 0.000000 0.000000 0.000000
2.600100 0.002497 -0.218454 1.000000 0.000000 0.000000 0.000000
2.610100 0.002600 -0.174862 1.000000 0.000000 0.000000 0.000000
2.620100 0.002697 -0.043507 1.000000 0.000000 0.000000 0.000000
2.630100 0.002795 -0.102744 1.000000 0.000000 0.000000 0.000000
2.640100 0.002891 -0.164239 1.000000 0.000000 0.000000 0.000000
2.650100 0.002977 -0.097710 1.000000 0.000000 0.000000 0.000000
2.660100 0.003053 0.049352 1.000000 0.000000 0.000000 0.000000
2.670100 0.003125 -0.047301 1.000000 0.000000 0.000000 0.000000
2.680100 0.003187 -0.086901 1.000000 0.000000 0.000000 0.000000
2.690100 0.003234 -0.075979 1.000000 0.000000 0.000000 0.000000
2.700100 0.003274 -0.046935 1.000000 0.000000 0.000000 0.000000
2.710100 0.003310 0.074132 1.000000 0.000000 0.000000 0.000000
2.720100 0.003351 0.351550 1.000000 0.000000 0.000000 0.000000
2.730100 0.003402 0.523810 1.000000 0.000000 0.000000 0.000000
2.740100 0.003468 0.381053 1.000000 0.000000 0.000000 0.000000
2.750100 0.003541 0.244043 1.000000 0.000000 0.000000 0.000000
2.760100 0.003619 0.089748 1.000000 0.000000 0.000000 0.000000
2.770100 0.003700 -0.062954 1.000000 0.000000 0.000000 0.000000
2.780100 0.003778 -0.229920 1.000000 0.000000 0.000000 0.000000
2.790100 0.003847 -0.440347 1.000000 0.000000 0.000000 0.000000
2.800100 0.003901 -0.548104 1.000000 0.000000 0.000000 0.000000
2.810100 0.003925 -0.427775 1.000000 0.000000 0.000000 0.000000
2.820100 0.003924 -0.148385 1.000000 0.000000 0.000000 0.000000
2.830100 0.003910 0.237004 1.000000 0.000000 0.000000 0.000000
2.840100 0.003904 0.553771 1.000000 0.000000 0.000000 0.000000
2.850100 0.003919 0.497440 1.000000 0.000000 0.000000 0.000000
2.860100 0.003952 0.303615 1.000000 0.000000 0.000000 0.000000
2.870100 0.003996 0.069968 1.000000 0.000000 0.000000 0.000000
2.880100 0.004038 -0.037131 1.000000 0.000000 0.000000 0.000000
2.890100 0.004073 -0.016941 1.000000 0.000000 0.000000 0.000000
2.900100 0.004103 0.100512 1.000000 0.000000 0.000000 0.000000
2.910100 0.004136 0.287819 1.000000 0.000000 0.000000 0.000000
2.920100 0.004177 0.321074 1.000000 0.000000 0.000000 0.000000
2.930100 0.004229 0.259078 1.000000 0.000000 0.000000 0.000000
2.940100 0.004291 0.253008 1.000000 0.000000 0.000000 0.000000
2.950100 0.004363 0.285499 1.000000 0.000000 0.000000 0.000000
2.960100 0.004445 0.210919 1.000000 0.000000 0.000000 0.000000
2.970100 0.004533 0.118870 1.000000 0.000000 0.000000 0.000000
2.980100 0.004626 0.219046 1.000000 0.000000 0.000000 0.000000
2.990100 0.004725 0.301064 1.000000 0.000000 0.000000 0.000000
3.000100 0.004834 0.340125 1.000000 0.000000 0.000000 0.000000
3.010100 0.004955 0.457505 0.000000 1.000000 0.000000 0.000000
3.020100 0.005090 0.419055 0.000000 1.000000 0.000000 0.000000
3.030100 0.005240 0.292652 0.000000 1.000000 0.000000 0.000000
3.040100 0.005402 0.128475 0.000000 1.000000 0.000000 0.000000
3.050100 0.005568 0.025191 0.000000 1.000000 0.000000 0.000000
3.060100 0.005729 -0.010572 0.000000 1.000000 0.000000 0.000000
3.070100 0.005885 0.095393 0.000000 1.000000 0.000000 0.000000
3.080100 0.006038 0.183936 0.000000 1.000000 0.000000 0.000000
3.090100 0.006159 0.478717 0.000000 1.000000 0.000000 0.000000
3.100100 0.006224 1.050855 0.000000 1.000000 0.000000 0.000000
3.110100 0.006241 1.215056 0.000000 1.000000 0.000000 0.000000
3.120100 0.006228 1.197791 0.000000 1.000000 0.000000 0.000000
3.130100 0.006198 1.227635 0.000000 1.000000 0.000000 0.000000
3.140100 0.006164 1.207092 0.000000 1.000000 0.000000 0.000000
3.150100 0.006134 1.178589 0.000000 1.000000 0.000000 0.000000
3.160100 0.006119 1.296447 0.000000 1.000000 0.000000 0.000000
3.170100 0.006127 1.384562 0.000000 1.000000 0.000000 0.000000
3.180100 0.006153 1.313063 0.000000 1.000000 0.000000 0.000000
3.190100 0.006182 1.258791 0.000000 1.000000 0.000000 0.000000
3.200100 0.006203 1.289634 0.000000 1.000000 0.000000 0.000000
3.210100 0.006213 1.359447 0.000000 1.000000 0.000000 0.000000
3.220100 0.006215 1.415910 0.000000 1.000000 0.000000 0.000000
3.230100 0.006213 1.469240 0.000000 1.000000 0.000000 0.000000
3.240100 0.006214 1.528299 0.000000 1.000000 0.000000 0.000000
3.250100 0.006219 1.570184 0.000000 1.000000 0.000000 0.000000
3.260100 0.006229 1.628464 0.000000 1.000000 0.000000 0.000000
3.270100 0.006243 1.661413 0.000000 1.000000 0.000000 0.000000
3.280100 0.006257 1.677652 0.000000 1.000000 0.000000 0.000000
3.290100 0.006268 1.740519 0.000000 1.000000 0.000000 0.000000
3.300100 0.006275 1.802286 0.000000 1.000000 0.000000 0.000000
3.310100 0.006282 1.886386 0.000000 1.000000 0.000000 0.000000
3.320100 0.006292 1.995512 0.000000 1.000000 0.000000 0.000000
3.330100 0.006307 2.104232 0.000000 1.000000 0.000000 0.000000
3.340100 0.006328 2.168226 0.000000 1.000000 0.000000 0.000000
3.350100 0.006350 2.227822 0.000000 1.000000 0.000000 0.000000
3.360100 0.006370 2.351173 0.000000 1.000000 0.000000 0.000000
3.370100 0.006389 2.482391 0.000000 1.000000 0.000000 0.000000
3.380100 0.006410 2.662333 0.000000 1.000000 0.000000 0.000000
3.390100 0.006437 2.852216 0.000000 1.000000 0.000000 0.000000
3.400100 0.006470 2.922815 0.000000 1.000000 0.000000 0.000000
3.410100 0.006507 2.969409 0.000000 1.000000 0.000000 0.000000
3.420100 0.006542 3.044037 0.000000 1.000000 0.000000 0.000000
3.430100 0.006573 3.180979 0.000000 1.000000 0.000000 0.000000
3.440100 0.006597 3.335039 0.000000 1.000000 0.000000 0.000000
3.450100 0.006615 3.419307 0.000000 1.000000 0.000000 0.000000
3.460100 0.006627 3.509779 0.000000 1.000000 0.000000 0.000000
3.470100 0.006636 3.554657 0.000000 1.000000 0.000000 0.000000
3.480100 0.006645 3.574483 0.000000 1.000000 0.000000 0.000000
3.490100 0.006656 3.602289 0.000000 1.000000 0.000000 0.000000
3.500100 0.006667 3.629883 0.000000 1.000000 0.000000 0.000000
3.510100 0.006679 3.648767 0.000000 1.000000 0.000000 0.000000
3.520100 0.006690 3.701615 0.000000 1.000000 0.000000 0.000000
3.530100 0.006700 3.727970 0.000000 1.000000 0.000000 0.000000
3.540100 0.006709 3.768121 0.000000 1.000000 0.000000 0.000000
3.550100 0.006717 3.839679 0.000000 1.000000 0.000000 0.000000
3.560100 0.006729 3.942461 0.000000 1.000000 0.000000 0.000000
3.570100 0.006747 4.040494 0.000000 1.000000 0.000000 0.000000
3.580100 0.006770 4.138126 0.000000 1.000000 0.000000 0.000000
3.590100 0.006797 4.275769 0.000000 1.000000 0.000000 0.000000
3.600100 0.006831 4.481118 0.000000 1.000000 0.000000 0.000000
3.610100 0.006874 4.741791 0.000000 1.000000 0.000000 0.000000
3.620100 0.006930 4.984822 0.000000 1.000000 0.000000 0.000000
3.630100 0.006993 5.151044 0.000000 1.000000 0.000000 0.000000
3.640100 0.007059 5.343154 0.000000 1.000000 0.000000 0.000000
3.650100 0.007121 5.376751 0.000000 1.000000 0.000000 0.000000
3.660100 0.007165 5.349757 0.000000 1.000000 0.000000 0.000000
3.670100 0.007184 5.415182 0.000000 1.000000 0.000000 0.000000
3.680100 0.007185 5.547537 0.000000 0.000000 1.000000 0.000000
3.690100 0.007181 5.611026 0.000000 0.000000 1.000000 0.000000
3.700100 0.007181 5.605163 0.000000 0.000000 1.000000 0.000000
3.710100 0.007185 5.655595 0.000000 0.000000 1.000000 0.000000
3.720100 0.007191 5.685106 0.000000 0.000000 1.000000 0.000000
3.730100 0.007201 5.695209 0.000000 0.000000 1.000000 0.000000
3.740100 0.007215 5.711073 0.000000 0.000000 1.000000 0.000000
3.750100 0.007231 5.693013 0.000000 0.000000 1.000000 0.000000
3.760100 0.007244 5.742823 0.000000 0.000000 1.000000 0.000000
3.770100 0.007253 5.766721 0.000000 0.000000 1.000000 0.000000
3.780100 0.007258 5.763272 0.000000 0.000000 1.000000 0.000000
3.790100 0.007262 5.783003 0.000000 0.000000 1.000000 0.000000
3.800100 0.007265 5.766801 0.000000 0.000000 1.000000 0.000000
3.810100 0.007268 5.723281 0.000000 0.000000 1.000000 0.000000
3.820100 0.007269 5.714835 0.000000 0.000000 1.000000 0.000000
3.830100 0.007270 5.718963 0.000000 0.000000 1.000000 0.000000
3.840100 0.007272 5.720508 0.000000 0.000000 1.000000 0.000000
3.850100 0.007274 5.712085 0.000000 0.000000 1.000000 0.000000
3.860100 0.007276 5.674098 0.000000 0.000000 1.000000 0.000000
3.870100 0.007276 5.578841 0.000000 0.000000 1.000000 0.000000
3.880100 0.007272 5.498506 0.000000 0.000000 1.000000 0.000000
3.890100 0.007262 5.403213 0.000000 0.000000 1.000000 0.000000
3.900100 0.007245 5.224338 0.000000 0.000000 1.000000 0.000000
3.910100 0.007216 4.933993 0.000000 0.000000 1.000000 0.000000
3.920100 0.007170 4.719113 0.000000 0.000000 1.000000 0.000000
3.930100 0.007107 4.494253 0.000000 0.000000 1.000000 0.000000
3.940100 0.007031 4.175202 0.000000 0.000000 1.000000 0.000000
3.950100 0.006944 3.767164 0.000000 0.000000 1.000000 0.000000
3.960100 0.006851 3.524295 0.000000 0.000000 1.000000 0.000000
3.970100 0.006763 3.300804 0.000000 0.000000 1.000000 0.000000
3.980100 0.006691 3.004498 0.000000 0.000000 1.000000 0.000000
3.990100 0.006637 2.800376 0.000000 0.000000 1.000000 0.000000
4.000100 0.006600 2.631328 0.000000 0.000000 1.000000 0.000000
4.010100 0.006577 2.491043 0.000000 0.000000 1.000000 0.000000
4.020100 0.006564 2.359419 0.000000 0.000000 1.000000 0.000000
4.030100 0.006555 2.167774 0.000000 0.000000 1.000000 0.000000
4.040100 0.006545 2.049040 0.000000 0.000000 1.000000 0.000000
4.050100 0.006529 1.964419 0.000000 0.000000 1.000000 0.000000
4.060100 0.006507 1.917774 0.000000 0.000000 1.000000 0.000000
4.070100 0.006480 1.908198 0.000000 0.000000 1.000000 0.000000
4.080100 0.006452 1.822155 0.000000 0.000000 1.000000 0.000000
4.090100 0.006428 1.728297 0.000000 0.000000 1.000000 0.000000
4.100100 0.006405 1.591077 0.000000 0.000000 1.000000 0.000000
4.110100 0.006381 1.438050 0.000000 0.000000 1.000000 0.000000
4.120100 0.006353 1.205053 0.000000 0.000000 1.000000 0.000000
4.130100 0.006316 0.898507 0.000000 0.000000 1.000000 0.000000
4.140100 0.006264 0.576161 0.000000 0.000000 0.000000 1.000000
4.150100 0.006202 0.417546 0.000000 0.000000 0.000000 1.000000
4.160100 0.006138 0.309906 0.000000 0.000000 0.000000 1.000000
4.170100 0.006083 0.007374 0.000000 0.000000 0.000000 1.000000
4.180100 0.006034 -0.201111 0.000000 0.000000 0.000000 1.000000
4.190100 0.005982 -0.155206 0.000000 0.000000 0.000000 1.000000
4.200100 0.005928 -0.043566 0.000000 0.000000 0.000000 1.000000
4.210100 0.005875 -0.003485 0.000000 0.000000 0.000000 1.000000
4.220100 0.005826 0.013237 0.000000 0.000000 0.000000 1.000000
4.230100 0.005783 0.012046 0.000000 0.000000 0.000000 1.000000
4.240100 0.005744 0.027794 0.000000 0.000000 0.000000 1.000000
4.250100 0.005712 0.039736 0.000000 0.000000 0.000000 1.000000
4.260100 0.005686 -0.028935 0.000000 0.000000 0.000000 1.000000
4.270100 0.005664 -0.181606 0.000000 0.000000 0.000000 1.000000
4.280100 0.005638 -0.464447 0.000000 0.000000 0.000000 1.000000
4.290100 0.005599 -0.552446 0.000000 0.000000 0.000000 1.000000
4.300100 0.005535 -0.573616 0.000000 0.000000 0.000000 1.000000
4.310100 0.005446 -0.601422 0.000000 0.000000 0.000000 1.000000
4.320100 0.005332 -0.480092 0.000000 0.000000 0.000000 1.000000
4.330100 0.005199 -0.383054 0.000000 0.000000 0.000000 1.000000
4.340100 0.005054 -0.310391 0.000000 0.000000 0.000000 1.000000
4.350100 0.004901 -0.201531 0.000000 0.000000 0.000000 1.000000
4.360100 0.004743 -0.108591 0.000000 0.000000 0.000000 1.000000
4.370100 0.004585 -0.161748 0.000000 0.000000 0.000000 1.000000
4.380100 0.004427 -0.175182 0.000000 0.000000 0.000000 1.000000
4.390100 0.004267 -0.269334 0.000000 0.000000 0.000000 1.000000
4.400100 0.004104 -0.442378 0.000000 0.000000 0.000000 1.000000
4.410100 0.003928 -0.454132 0.000000 0.000000 0.000000 1.000000
4.420100 0.003735 -0.489549 0.000000 0.000000 0.000000 1.000000
4.430100 0.003528 -0.362284 0.000000 0.000000 0.000000 1.000000
4.440100 0.003306 -0.163476 0.000000 0.000000 0.000000 1.000000
4.450100 0.003078 0.039616 0.000000 0.000000 0.000000 1.000000
4.460100 0.002854 0.153014 0.000000 0.000000 0.000000 1.000000
4.470100 0.002644 0.139211 0.000000 0.000000 0.000000 1.000000
4.480100 0.002453 0.108395 0.000000 0.000000 0.000000 1.000000
4.490100 0.002275 0.093691 0.000000 0.000000 0.000000 1.000000
4.500100 0.002107 0.054399 0.000000 0.000000 0.000000 1.000000
4.510100 0.001947 0.060784 0.000000 0.000000 0.000000 1.000000
4.520100 0.001795 0.176959 0.000000 0.000000 0.000000 1.000000
4.530100 0.001657 0.211195 0.000000 0.000000 0.000000 1.000000
4.540100 0.001534 0.279540 0.000000 0.000000 0.000000 1.000000
4.550100 0.001428 0.445049 0.000000 0.000000 0.000000 1.000000
4.560100 0.001342 0.348662 0.000000 0.000000 0.000000 1.000000
4.570100 0.001276 0.315200 0.000000 0.000000 0.000000 1.000000
4.580100 0.001230 0.284500 0.000000 0.000000 0.000000 1.000000
4.590100 0.001202 0.244400 0.000000 0.000000 0.000000 1.000000
4.600100 0.001191 0.156509 0.000000 0.000000 0.000000 1.000000
4.610100 0.001191 0.089184 1.000000 0.000000 0.000000 0.000000
4.620100 0.001198 0.082969 1.000000 0.000000 0.000000 0.000000
4.630100 0.001208 0.029040 1.000000 0.000000 0.000000 0.000000
4.640100 0.001216 0.005067 1.000000 0.000000 0.000000 0.000000
4.650100 0.001220 -0.013525 1.000000 0.000000 0.000000 0.000000
4.660100 0.001218 -0.011405 1.000000 0.000000 0.000000 0.000000
4.670100 0.001213 0.002241 1.000000 0.000000 0.000000 0.000000
4.680100 0.001208 0.009292 1.000000 0.000000 0.000000 0.000000
4.690100 0.001202 0.003003 1.000000 0.000000 0.000000 0.000000
4.700100 0.001199 -0.001858 1.000000 0.000000 0.000000 0.000000
4.710100 0.001199 -0.011479 1.000000 0.000000 0.000000 0.000000
4.720100 0.001200 -0.016122 1.000000 0.000000 0.000000 0.000000
4.730100 0.001201 -0.005287 1.000000 0.000000 0.000000 0.000000
4.740100 0.001202 -0.007748 1.000000 0.000000 0.000000 0.000000
4.750100 0.001202 -0.006997 1.000000 0.000000 0.000000 0.000000
4.760100 0.001201 0.018205 1.000000 0.000000 0.000000 0.000000
4.770100 0.001201 0.067810 1.000000 0.000000 0.000000 0.000000
4.780100 0.001204 0.086787 1.000000 0.000000 0.000000 0.000000
4.790100 0.001209 0.098938 1.000000 0.000000 0.000000 0.000000
4.800100 0.001215 0.091154 1.000000 0.000000 0.000000 0.000000
4.810100 0.001220 0.054696 1.000000 0.000000 0.000000 0.000000
4.820100 0.001224 0.042670 1.000000 0.000000 0.000000 0.000000
4.830100 0.001226 0.069660 1.000000 0.000000 0.000000 0.000000
4.840100 0.001227 0.066245 1.000000 0.000000 0.000000 0.000000
4.850100 0.001226 0.076833 1.000000 0.000000 0.000000 0.000000
4.860100 0.001227 0.088566 1.000000 0.000000 0.000000 0.000000
4.870100 0.001229 0.124019 1.000000 0.000000 0.000000 0.000000
4.880100 0.001233 0.158499 1.000000 0.000000 0.000000 0.000000
4.890100 0.001241 0.150682 1.000000 0.000000 0.000000 0.000000
4.900100 0.001253 0.115385 1.000000 0.000000 0.000000 0.000000
4.910100 0.001269 0.045787 1.000000 0.000000 0.000000 0.000000
4.920100 0.001287 0.006665 1.000000 0.000000 0.000000 0.000000
4.930100 0.001305 0.071351 1.000000 0.000000 0.000000 0.000000
4.940100 0.001324 0.171781 1.000000 0.000000 0.000000 0.000000
4.950100 0.001345 0.248850 1.000000 0.000000 0.000000 0.000000
4.960100 0.001373 0.256296 1.000000 0.000000 0.000000 0.000000
4.970100 0.001410 0.281477 1.000000 0.000000 0.000000 0.000000
4.980100 0.001456 0.159498 1.000000 0.000000 0.000000 0.000000
4.990100 0.001508 0.048494 1.000000 0.000000 0.000000 0.000000
5.000100 0.001560 0.073332 1.000000 0.000000 0.000000 0.000000
5.010100 0.001614 0.195998 1.000000 0.000000 0.000000 0.000000
5.020100 0.001676 0.249188 1.000000 0.000000 0.000000 0.000000
5.030100 0.001745 0.249441 1.000000 0.000000 0.000000 0.000000
5.040100 0.001824 0.249455 1.000000 0.000000 0.000000 0.000000
5.050100 0.001913 0.310445 1.000000 0.000000 0.000000 0.000000
5.060100 0.002011 0.519619 1.000000 0.000000 0.000000 0.000000
5.070100 0.002124 0.534315 1.000000 0.000000 0.000000 0.000000
5.080100 0.002256 0.411731 1.000000 0.000000 0.000000 0.000000
5.090100 0.002405 0.368063 1.000000 0.000000 0.000000 0.000000
5.100100 0.002567 0.256134 1.000000 0.000000 0.000000 0.000000
5.110100 0.002744 0.007468 1.000000 0.000000 0.000000 0.000000
5.120100 0.002925 -0.133651 1.000000 0.000000 0.000000 0.000000
5.130100 0.003097 -0.100965 1.000000 0.000000 0.000000 0.000000
5.140100 0.003255 -0.081925 1.000000 0.000000 0.000000 0.000000
5.150100 0.003403 -0.095057 1.000000 0.000000 0.000000 0.000000
5.160100 0.003541 0.120815 1.000000 0.000000 0.000000 0.000000
5.170100 0.003674 0.160749 1.000000 0.000000 0.000000 0.000000
5.180100 0.003809 0.134588 1.000000 0.000000 0.000000 0.000000
5.190100 0.003950 0.085145 1.000000 0.000000 0.000000 0.000000
5.200100 0.004088 0.108807 1.000000 0.000000 0.000000 0.000000
5.210100 0.004226 0.001296 1.000000 0.000000 0.000000 0.000000
5.220100 0.004361 -0.062602 1.000000 0.000000 0.000000 0.000000
5.230100 0.004493 -0.068627 1.000000 0.000000 0.000000 0.000000
5.240100 0.004619 -0.079817 1.000000 0.000000 0.000000 0.000000
5.250100 0.004740 -0.020362 1.000000 0.000000 0.000000 0.000000
5.260100 0.004855 0.016599 1.000000 0.000000 0.000000 0.000000
5.270100 0.004969 0.187367 1.000000 0.000000 0.000000 0.000000
5.280100 0.005088 0.223667 1.000000 0.000000 0.000000 0.000000
5.290100 0.005213 0.189079 1.000000 0.000000 0.000000 0.000000
5.300100 0.005345 0.240378 1.000000 0.000000 0.000000 0.000000
5.310100 0.005483 0.141239 1.000000 0.000000 0.000000 0.000000
5.320100 0.005624 0.188296 1.000000 0.000000 0.000000 0.000000
5.330100 0.005769 0.313905 1.000000 0.000000 0.000000 0.000000
5.340100 0.005922 0.366455 1.000000 0.000000 0.000000 0.000000
5.350100 0.006081 0.530172 0.000000 1.000000 0.000000 0.000000
5.360100 0.006215 1.046220 0.000000 1.000000 0.000000 0.000000
5.370100 0.006311 1.484990 0.000000 1.000000 0.000000 0.000000
5.380100 0.006369 1.894944 0.000000 1.000000 0.000000 0.000000
5.390100 0.006394 2.137310 0.000000 1.000000 0.000000 0.000000
5.400100 0.006398 2.258158 0.000000 1.000000 0.000000 0.000000
5.410100 0.006390 2.307645 0.000000 1.000000 0.000000 0.000000
5.420100 0.006385 2.407926 0.000000 1.000000 0.000000 0.000000
5.430100 0.006388 2.445601 0.000000 1.000000 0.000000 0.000000
5.440100 0.006399 2.458191 0.000000 1.000000 0.000000 0.000000
5.450100 0.006412 2.469929 0.000000 1.000000 0.000000 0.000000
5.460100 0.006428 2.532914 0.000000 1.000000 0.000000 0.000000
5.470100 0.006445 2.588952 0.000000 1.000000 0.000000 0.000000
5.480100 0.006462 2.652200 0.000000 1.000000 0.000000 0.000000
5.490100 0.006477 2.676109 0.000000 1.000000 0.000000 0.000000
5.500100 0.006490 2.733288 0.000000 1.000000 0.000000 0.000000
5.510100 0.006501 2.766580 0.000000 1.000000 0.000000 0.000000
5.520100 0.006509 2.832958 0.000000 1.000000 0.000000 0.000000
5.530100 0.006518 2.899411 0.000000 1.000000 0.000000 0.000000
5.540100 0.006528 2.965252 0.000000 1.000000 0.000000 0.000000
5.550100 0.006543 3.039355 0.000000 1.000000 0.000000 0.000000
5.560100 0.006563 3.145238 0.000000 1.000000 0.000000 0.000000
5.570100 0.006585 3.340594 0.000000 1.000000 0.000000 0.000000
5.580100 0.006614 3.526160 0.000000 1.000000 0.000000 0.000000
5.590100 0.006653 3.710568 0.000000 1.000000 0.000000 0.000000
5.600100 0.006704 3.885339 0.000000 1.000000 0.000000 0.000000
5.610100 0.006761 4.100037 0.000000 1.000000 0.000000 0.000000
5.620100 0.006822 4.433686 0.000000 1.000000 0.000000 0.000000
5.630100 0.006888 4.660133 0.000000 1.000000 0.000000 0.000000
5.640100 0.006953 4.829329 0.000000 1.000000 0.000000 0.000000
5.650100 0.007009 4.993238 0.000000 1.000000 0.000000 0.000000
5.660100 0.007052 4.998253 0.000000 1.000000 0.000000 0.000000
5.670100 0.007077 5.032385 0.000000 1.000000 0.000000 0.000000
5.680100 0.007083 5.198354 0.000000 1.000000 0.000000 0.000000
5.690100 0.007085 5.364481 0.000000 1.000000 0.000000 0.000000
5.700100 0.007092 5.398631 0.000000 1.000000 0.000000 0.000000
5.710100 0.007105 5.459329 0.000000 1.000000 0.000000 0.000000
5.720100 0.007124 5.481406 0.000000 1.000000 0.000000 0.000000
5.730100 0.007146 5.495884 0.000000 1.000000 0.000000 0.000000
5.740100 0.007166 5.513664 0.000000 1.000000 0.000000 0.000000
5.750100 0.007184 5.551165 0.000000 1.000000 0.000000 0.000000
5.760100 0.007198 5.593140 0.000000 1.000000 0.000000 0.000000
5.770100 0.007210 5.630093 0.000000 1.000000 0.000000 0.000000
5.780100 0.007220 5.638563 0.000000 1.000000 0.000000 0.000000
5.790100 0.007228 5.658792 0.000000 1.000000 0.000000 0.000000
5.800100 0.007235 5.681832 0.000000 1.000000 0.000000 0.000000
5.810100 0.007242 5.702923 0.000000 1.000000 0.000000 0.000000
5.820100 0.007249 5.757884 0.000000 1.000000 0.000000 0.000000
5.830100 0.007258 5.826069 0.000000 1.000000 0.000000 0.000000
5.840100 0.007272 5.892219 0.000000 1.000000 0.000000 0.000000
5.850100 0.007296 6.031394 0.000000 1.000000 0.000000 0.000000
5.860100 0.007332 6.311510 0.000000 1.000000 0.000000 0.000000
5.870100 0.007381 6.371754 0.000000 1.000000 0.000000 0.000000
5.880100 0.007429 6.449431 0.000000 1.000000 0.000000 0.000000
5.890100 0.007466 6.701449 0.000000 1.000000 0.000000 0.000000
5.900100 0.007497 6.810777 0.000000 1.000000 0.000000 0.000000
5.910100 0.007522 6.767736 0.000000 1.000000 0.000000 0.000000
5.920100 0.007538 6.764338 0.000000 1.000000 0.000000 0.000000
5.930100 0.007546 6.872774 0.000000 1.000000 0.000000 0.000000
5.940100 0.007553 6.926397 0.000000 1.000000 0.000000 0.000000
5.950100 0.007561 6.946113 0.000000 1.000000 0.000000 0.000000
5.960100 0.007570 6.960125 0.000000 1.000000 0.000000 0.000000
5.970100 0.007582 6.968766 0.000000 1.000000 0.000000 0.000000
5.980100 0.007594 6.993699 0.000000 1.000000 0.000000 0.000000
5.990100 0.007602 7.051249 0.000000 1.000000 0.000000 0.000000
6.000100 0.007605 7.089472 0.000000 1.000000 0.000000 0.000000
6.010100 0.007607 7.133421 0.000000 1.000000 0.000000 0.000000
6.020100 0.007610 7.148163 0.000000 1.000000 0.000000 0.000000
6.030100 0.007613 7.156035 0.000000 1.000000 0.000000 0.000000
6.040100 0.007616 7.172387 0.000000 1.000000 0.000000 0.000000
6.050100 0.007619 7.190940 0.000000 1.000000 0.000000 0.000000
6.060100 0.007623 7.213937 0.000000 1.000000 0.000000 0.000000
6.070100 0.007627 7.235996 0.000000 1.000000 0.000000 0.000000
6.080100 0.007631 7.228092 0.000000 1.000000 0.000000 0.000000
6.090100 0.007636 7.256761 0.000000 1.000000 0.000000 0.000000
6.100100 0.007641 7.252781 0.000000 1.000000 0.000000 0.000000
6.110100 0.007647 7.261417 0.000000 1.000000 0.000000 0.000000
6.120100 0.007652 7.255999 0.000000 1.000000 0.000000 0.000000
6.130100 0.007655 7.255180 0.000000 1.000000 0.000000 0.000000
6.140100 0.007657 7.272947 0.000000 1.000000 0.000000 0.000000
6.150100 0.007659 7.277087 0.000000 1.000000 0.000000 0.000000
6.160100 0.007660 7.261426 0.000000 1.000000 0.000000 0.000000
6.170100 0.007662 7.266020 0.000000 1.000000 0.000000 0.000000
6.180100 0.007663 7.285550 0.000000 1.000000 0.000000 0.000000
6.190100 0.007664 7.270770 0.000000 1.000000 0.000000 0.000000
6.200100 0.007667 7.250462 0.000000 1.000000 0.000000 0.000000
6.210100 0.007669 7.241268 0.000000 1.000000 0.000000 0.000000
6.220100 0.007671 7.223426 0.000000 1.000000 0.000000 0.000000
6.230100 0.007671 7.184891 0.000000 0.000000 1.000000 0.000000
6.240100 0.007670 7.135297 0.000000 0.000000 1.000000 0.000000
6.250100 0.007667 7.083617 0.000000 0.000000 1.000000 0.000000
6.260100 0.007662 7.083584 0.000000 0.000000 1.000000 0.000000
6.270100 0.007659 7.077232 0.000000 0.000000 1.000000 0.000000
6.280100 0.007658 7.050576 0.000000 0.000000 1.000000 0.000000
6.290100 0.007659 7.019906 0.000000 0.000000 1.000000 0.000000
6.300100 0.007658 6.972293 0.000000 0.000000 1.000000 0.000000
6.310100 0.007653 6.911746 0.000000 0.000000 1.000000 0.000000
6.320100 0.007645 6.862516 0.000000 0.000000 1.000000 0.000000
6.330100 0.007635 6.827501 0.000000 0.000000 1.000000 0.000000
6.340100 0.007624 6.778152 0.000000 0.000000 1.000000 0.000000
6.350100 0.007613 6.680686 0.000000 0.000000 1.000000 0.000000
6.360100 0.007602 6.520531 0.000000 0.000000 1.000000 0.000000
6.370100 0.007586 6.251055 0.000000 0.000000 1.000000 0.000000
6.380100 0.007558 5.976073 0.000000 0.000000 1.000000 0.000000
6.390100 0.007516 5.993309 0.000000 0.000000 1.000000 0.000000
6.400100 0.007468 5.805126 0.000000 0.000000 1.000000 0.000000
6.410100 0.007414 5.491267 0.000000 0.000000 1.000000 0.000000
6.420100 0.007355 5.274319 0.000000 0.000000 1.000000 0.000000
6.430100 0.007297 4.942374 0.000000 0.000000 1.000000 0.000000
6.440100 0.007244 4.590675 0.000000 0.000000 1.000000 0.000000
6.450100 0.007190 4.401320 0.000000 0.000000 1.000000 0.000000
6.460100 0.007136 4.140187 0.000000 0.000000 1.000000 0.000000
6.470100 0.007077 3.980015 0.000000 0.000000 1.000000 0.000000
6.480100 0.007017 3.836745 0.000000 0.000000 1.000000 0.000000
6.490100 0.006962 3.716949 0.000000 0.000000 1.000000 0.000000
6.500100 0.006918 3.560014 0.000000 0.000000 1.000000 0.000000
6.510100 0.006882 3.354262 0.000000 0.000000 1.000000 0.000000
6.520100 0.006855 3.205479 0.000000 0.000000 1.000000 0.000000
6.530100 0.006832 3.098489 0.000000 0.000000 1.000000 0.000000
6.540100 0.006812 3.027039 0.000000 0.000000 1.000000 0.000000
6.550100 0.006794 2.927808 0.000000 0.000000 1.000000 0.000000
6.560100 0.006778 2.848232 0.000000 0.000000 1.000000 0.000000
6.570100 0.006762 2.808733 0.000000 0.000000 1.000000 0.000000
6.580100 0.006745 2.765496 0.000000 0.000000 1.000000 0.000000
6.590100 0.006731 2.745857 0.000000 0.000000 1.000000 0.000000
6.600100 0.006722 2.739863 0.000000 0.000000 1.000000 0.000000
6.610100 0.006716 2.709247 0.000000 0.000000 1.000000 0.000000
6.620100 0.006713 2.656846 0.000000 0.000000 1.000000 0.000000
6.630100 0.006707 2.571803 0.000000 0.000000 1.000000 0.000000
6.640100 0.006697 2.566743 0.000000 0.000000 1.000000 0.000000
6.650100 0.006687 2.562293 0.000000 0.000000 1.000000 0.000000
6.660100 0.006679 2.522073 0.000000 0.000000 1.000000 0.000000
6.670100 0.006674 2.533892 0.000000 0.000000 1.000000 0.000000
6.680100 0.006672 2.537365 0.000000 1.000000 0.000000 0.000000
6.690100 0.006673 2.606893 0.000000 1.000000 0.000000 0.000000
6.700100 0.006677 2.676701 0.000000 1.000000 0.000000 0.000000
6.710100 0.006685 2.799913 0.000000 1.000000 0.000000 0.000000
6.720100 0.006698 2.942536 0.000000 1.000000 0.000000 0.000000
6.730100 0.006716 3.021434 0.000000 1.000000 0.000000 0.000000
6.740100 0.006737 3.148220 0.000000 1.000000 0.000000 0.000000
6.750100 0.006762 3.229189 0.000000 1.000000 0.000000 0.000000
6.760100 0.006787 3.311395 0.000000 1.000000 0.000000 0.000000
6.770100 0.006809 3.404688 0.000000 1.000000 0.000000 0.000000
6.780100 0.006828 3.534431 0.000000 1.000000 0.000000 0.000000
6.790100 0.006844 3.668961 0.000000 1.000000 0.000000 0.000000
6.800100 0.006861 3.772325 0.000000 1.000000 0.000000 0.000000
6.810100 0.006879 3.829020 0.000000 1.000000 0.000000 0.000000
6.820100 0.006897 3.908481 0.000000 1.000000 0.000000 0.000000
6.830100 0.006915 3.983871 0.000000 1.000000 0.000000 0.000000
6.840100 0.006929 4.103183 0.000000 1.000000 0.000000 0.000000
6.850100 0.006943 4.212277 0.000000 1.000000 0.000000 0.000000
6.860100 0.006958 4.275031 0.000000 1.000000 0.000000 0.000000
6.870100 0.006974 4.301037 0.000000 1.000000 0.000000 0.000000
6.880100 0.006990 4.297523 0.000000 1.000000 0.000000 0.000000
6.890100 0.007002 4.290794 0.000000 1.000000 0.000000 0.000000
6.900100 0.007009 4.308683 0.000000 1.000000 0.000000 0.000000
6.910100 0.007010 4.292437 0.000000 0.000000 1.000000 0.000000
6.920100 0.007005 4.229831 0.000000 0.000000 1.000000 0.000000
6.930100 0.006997 4.163836 0.000000 0.000000 1.000000 0.000000
6.940100 0.006987 4.139427 0.000000 0.000000 1.000000 0.000000
6.950100 0.006977 4.172541 0.000000 0.000000 1.000000 0.000000
6.960100 0.006973 4.218559 0.000000 0.000000 1.000000 0.000000
6.970100 0.006977 4.196512 0.000000 0.000000 1.000000 0.000000
6.980100 0.006981 4.157588 0.000000 0.000000 1.000000 0.000000
6.990100 0.006984 4.165223 0.000000 0.000000 1.000000 0.000000
7.000100 0.006984 4.177967 0.000000 0.000000 1.000000 0.000000
7.010100 0.006984 4.174713 0.000000 0.000000 1.000000 0.000000
7.020100 0.006983 4.181199 0.000000 0.000000 1.000000 0.000000
7.030100 0.006983 4.174112 0.000000 0.000000 1.000000 0.000000
7.040100 0.006984 4.167689 0.000000 0.000000 1.000000 0.000000
7.050100 0.006984 4.161685 0.000000 0.000000 1.000000 0.000000
7.060100 0.006982 4.098627 0.000000 0.000000 1.000000 0.000000
7.070100 0.006979 4.041173 0.000000 0.000000 1.000000 0.000000
7.080100 0.006973 3.967771 0.000000 0.000000 1.000000 0.000000
7.090100 0.006964 3.890865 0.000000 0.000000 1.000000 0.000000
7.100100 0.006948 3.764522 0.000000 0.000000 1.000000 0.000000
7.110100 0.006923 3.569059 0.000000 0.000000 1.000000 0.000000
7.120100 0.006885 3.358084 0.000000 0.000000 1.000000 0.000000
7.130100 0.006839 3.212089 0.000000 0.000000 1.000000 0.000000
7.140100 0.006791 3.141153 0.000000 0.000000 1.000000 0.000000
7.150100 0.006752 3.125534 0.000000 0.000000 1.000000 0.000000
7.160100 0.006733 3.230299 0.000000 0.000000 1.000000 0.000000
7.170100 0.006741 3.322172 0.000000 1.000000 0.000000 0.000000
7.180100 0.006774 3.626438 0.000000 1.000000 0.000000 0.000000
7.190100 0.006834 3.996006 0.000000 1.000000 0.000000 0.000000
7.200100 0.006922 4.447589 0.000000 1.000000 0.000000 0.000000
7.210100 0.007032 4.875682 0.000000 1.000000 0.000000 0.000000
7.220100 0.007153 5.129425 0.000000 1.000000 0.000000 0.000000
7.230100 0.007268 5.325533 0.000000 1.000000 0.000000 0.000000
7.240100 0.007361 5.534534 0.000000 1.000000 0.000000 0.000000
7.250100 0.007414 5.608000 0.000000 1.000000 0.000000 0.000000
7.260100 0.007421 5.625163 0.000000 1.000000 0.000000 0.000000
7.270100 0.007392 5.655808 0.000000 1.000000 0.000000 0.000000
7.280100 0.007344 5.677463 0.000000 1.000000 0.000000 0.000000
7.290100 0.007301 5.508176 0.000000 1.000000 0.000000 0.000000
7.300100 0.007273 5.303907 0.000000 1.000000 0.000000 0.000000
7.310100 0.007258 5.390629 0.000000 1.000000 0.000000 0.000000
7.320100 0.007261 5.405173 0.000000 1.000000 0.000000 0.000000
7.330100 0.007278 5.462265 0.000000 1.000000 0.000000 0.000000
7.340100 0.007307 5.596041 0.000000 1.000000 0.000000 0.000000
7.350100 0.007347 6.013429 0.000000 1.000000 0.000000 0.000000
7.360100 0.007401 6.256600 0.000000 1.000000 0.000000 0.000000
7.370100 0.007465 6.641356 0.000000 1.000000 0.000000 0.000000
7.380100 0.007538 6.826115 0.000000 1.000000 0.000000 0.000000
7.390100 0.007613 6.913215 0.000000 1.000000 0.000000 0.000000
7.400100 0.007673 7.135719 0.000000 1.000000 0.000000 0.000000
7.410100 0.007713 7.334192 0.000000 1.000000 0.000000 0.000000
7.420100 0.007749 7.642053 0.000000 1.000000 0.000000 0.000000
7.430100 0.007794 7.858927 0.000000 1.000000 0.000000 0.000000
7.440100 0.007851 7.978393 0.000000 1.000000 0.000000 0.000000
7.450100 0.007911 8.006077 0.000000 1.000000 0.000000 0.000000
7.460100 0.007955 8.148724 0.000000 1.000000 0.000000 0.000000
7.470100 0.007977 8.245242 0.000000 1.000000 0.000000 0.000000
7.480100 0.007979 8.383166 0.000000 1.000000 0.000000 0.000000
7.490100 0.007976 8.449629 0.000000 1.000000 0.000000 0.000000
7.500100 0.007978 8.469889 0.000000 1.000000 0.000000 0.000000
7.510100 0.007983 8.495023 0.000000 1.000000 0.000000 0.000000
7.520100 0.007989 8.521469 0.000000 1.000000 0.000000 0.000000
7.530100 0.007999 8.544893 0.000000 1.000000 0.000000 0.000000
7.540100 0.008013 8.507803 0.000000 1.000000 0.000000 0.000000
7.550100 0.008033 8.448146 0.000000 1.000000 0.000000 0.000000
7.560100 0.008055 8.466478 0.000000 1.000000 0.000000 0.000000
7.570100 0.008078 8.433051 0.000000 1.000000 0.000000 0.000000
7.580100 0.008099 8.405868 0.000000 1.000000 0.000000 0.000000
7.590100 0.008118 8.448833 0.000000 1.000000 0.000000 0.000000
7.600100 0.008136 8.509226 0.000000 1.000000 0.000000 0.000000
7.610100 0.008158 8.594024 0.000000 1.000000 0.000000 0.000000
7.620100 0.008181 8.698854 0.000000 1.000000 0.000000 0.000000
7.630100 0.008210 8.754968 0.000000 1.000000 0.000000 0.000000
7.640100 0.008244 8.728891 0.000000 1.000000 0.000000 0.000000
7.650100 0.008279 8.648607 0.000000 1.000000 0.000000 0.000000
7.660100 0.008308 8.665372 0.000000 1.000000 0.000000 0.000000
7.670100 0.008327 8.736016 0.000000 1.000000 0.000000 0.000000
7.680100 0.008335 8.781967 0.000000 1.000000 0.000000 0.000000
7.690100 0.008337 8.780444 0.000000 0.000000 1.000000 0.000000
7.700100 0.008334 8.729286 0.000000 0.000000 1.000000 0.000000
7.710100 0.008329 8.620306 0.000000 0.000000 1.000000 0.000000
7.720100 0.008320 8.440211 0.000000 0.000000 1.000000 0.000000
7.730100 0.008304 8.173972 0.000000 0.000000 1.000000 0.000000
7.740100 0.008274 7.904417 0.000000 0.000000 1.000000 0.000000
7.750100 0.008225 7.678127 0.000000 0.000000 1.000000 0.000000
7.760100 0.008154 7.675435 0.000000 0.000000 1.000000 0.000000
7.770100 0.008075 7.722277 0.000000 0.000000 1.000000 0.000000
7.780100 0.007999 7.504384 0.000000 0.000000 1.000000 0.000000
7.790100 0.007923 7.275635 0.000000 0.000000 1.000000 0.000000
7.800100 0.007850 6.895247 0.000000 0.000000 1.000000 0.000000
7.810100 0.007783 6.509391 0.000000 0.000000 1.000000 0.000000
7.820100 0.007718 6.100654 0.000000 0.000000 1.000000 0.000000
7.830100 0.007642 5.851840 0.000000 0.000000 1.000000 0.000000
7.840100 0.007552 5.497179 0.000000 0.000000 1.000000 0.000000
7.850100 0.007462 5.348988 0.000000 0.000000 1.000000 0.000000
7.860100 0.007382 5.206913 0.000000 0.000000 1.000000 0.000000
7.870100 0.007325 5.036627 0.000000 0.000000 1.000000 0.000000
7.880100 0.007301 4.861332 0.000000 0.000000 1.000000 0.000000
7.890100 0.007305 4.630392 0.000000 0.000000 1.000000 0.000000
7.900100 0.007311 4.393053 0.000000 0.000000 1.000000 0.000000
7.910100 0.007301 4.263972 0.000000 0.000000 1.000000 0.000000
7.920100 0.007278 4.139264 0.000000 0.000000 1.000000 0.000000
7.930100 0.007243 4.026077 0.000000 0.000000 1.000000 0.000000
7.940100 0.007194 3.935264 0.000000 0.000000 1.000000 0.000000
7.950100 0.007138 3.789722 0.000000 0.000000 1.000000 0.000000
7.960100 0.007079 3.528998 0.000000 0.000000 1.000000 0.000000
7.970100 0.007013 3.243756 0.000000 0.000000 1.000000 0.000000
7.980100 0.006940 3.034187 0.000000 0.000000 1.000000 0.000000
7.990100 0.006866 2.743062 0.000000 0.000000 1.000000 0.000000
8.000100 0.006794 2.459282 0.000000 0.000000 1.000000 0.000000
8.010100 0.006723 2.077669 0.000000 0.000000 1.000000 0.000000
8.020100 0.006652 1.739848 0.000000 0.000000 1.000000 0.000000
8.030100 0.006579 1.617175 0.000000 0.000000 1.000000 0.000000
8.040100 0.006517 1.597595 0.000000 0.000000 1.000000 0.000000
8.050100 0.006479 1.482939 0.000000 0.000000 1.000000 0.000000
8.060100 0.006464 1.327424 0.000000 0.000000 1.000000 0.000000
8.070100 0.006462 1.121109 0.000000 0.000000 1.000000 0.000000
8.080100 0.006461 0.981884 0.000000 0.000000 1.000000 0.000000
8.090100 0.006452 0.901130 0.000000 0.000000 1.000000 0.000000
8.100100 0.006433 0.827620 0.000000 0.000000 1.000000 0.000000
8.110100 0.006407 0.808574 0.000000 0.000000 1.000000 0.000000
8.120100 0.006381 0.801091 0.000000 0.000000 1.000000 0.000000
8.130100 0.006353 0.788071 0.000000 0.000000 1.000000 0.000000
8.140100 0.006329 0.760656 0.000000 0.000000 1.000000 0.000000
8.150100 0.006311 0.676665 0.000000 0.000000 1.000000 0.000000
8.160100 0.006304 0.564223 0.000000 0.000000 1.000000 0.000000
8.170100 0.006303 0.482053 0.000000 0.000000 1.000000 0.000000
8.180100 0.006300 0.420729 0.000000 0.000000 1.000000 0.000000
8.190100 0.006295 0.363937 0.000000 0.000000 1.000000 0.000000
8.200100 0.006285 0.308746 0.000000 0.000000 1.000000 0.000000
8.210100 0.006272 0.304743 0.000000 0.000000 1.000000 0.000000
8.220100 0.006256 0.260065 0.000000 0.000000 1.000000 0.000000
8.230100 0.006238 0.181830 0.000000 0.000000 0.000000 1.000000
8.240100 0.006220 0.040910 0.000000 0.000000 0.000000 1.000000
8.250100 0.006199 -0.196523 0.000000 0.000000 0.000000 1.000000
8.260100 0.006175 -0.368045 0.000000 0.000000 0.000000 1.000000
8.270100 0.006145 -0.443168 0.000000 0.000000 0.000000 1.000000
8.280100 0.006102 -0.449062 0.000000 0.000000 0.000000 1.000000
8.290100 0.006041 -0.381348 0.000000 0.000000 0.000000 1.000000
8.300100 0.005967 -0.275397 0.000000 0.000000 0.000000 1.000000
8.310100 0.005884 -0.305747 0.000000 0.000000 0.000000 1.000000
8.320100 0.005793 -0.219321 0.000000 0.000000 0.000000 1.000000
8.330100 0.005695 -0.039131 0.000000 0.000000 0.000000 1.000000
8.340100 0.005598 0.049537 0.000000 0.000000 0.000000 1.000000
8.350100 0.005505 -0.155240 0.000000 0.000000 0.000000 1.000000
8.360100 0.005412 -0.168811 0.000000 0.000000 0.000000 1.000000
8.370100 0.005315 -0.382753 0.000000 0.000000 0.000000 1.000000
8.380100 0.005211 -0.523223 0.000000 0.000000 0.000000 1.000000
8.390100 0.005088 -0.609082 0.000000 0.000000 0.000000 1.000000
8.400100 0.004939 -0.585006 0.000000 0.000000 0.000000 1.000000
8.410100 0.004768 -0.493342 0.000000 0.000000 0.000000 1.000000
8.420100 0.004580 -0.362397 0.000000 0.000000 0.000000 1.000000
8.430100 0.004381 -0.178528 0.000000 0.000000 0.000000 1.000000
8.440100 0.004179 0.105884 0.000000 0.000000 0.000000 1.000000
8.450100 0.003984 0.231846 0.000000 0.000000 0.000000 1.000000
8.460100 0.003802 0.246566 0.000000 0.000000 0.000000 1.000000
8.470100 0.003640 0.173695 0.000000 0.000000 0.000000 1.000000
8.480100 0.003491 0.028439 0.000000 0.000000 0.000000 1.000000
8.490100 0.003344 -0.114218 0.000000 0.000000 0.000000 1.000000
8.500100 0.003200 -0.076289 0.000000 0.000000 0.000000 1.000000
8.510100 0.003055 -0.097614 0.000000 0.000000 0.000000 1.000000
8.520100 0.002910 0.069250 0.000000 0.000000 0.000000 1.000000
8.530100 0.002773 0.096530 0.000000 0.000000 0.000000 1.000000
8.540100 0.002655 0.151515 0.000000 0.000000 0.000000 1.000000
8.550100 0.002554 0.127185 0.000000 0.000000 0.000000 1.000000
8.560100 0.002466 0.260670 0.000000 0.000000 0.000000 1.000000
8.570100 0.002395 0.170573 0.000000 0.000000 0.000000 1.000000
8.580100 0.002339 0.131316 0.000000 0.000000 0.000000 1.000000
8.590100 0.002292 0.061035 0.000000 0.000000 0.000000 1.000000
8.600100 0.002252 0.012934 0.000000 0.000000 0.000000 1.000000
8.610100 0.002217 -0.039056 0.000000 0.000000 0.000000 1.000000
8.620100 0.002186 -0.048315 0.000000 0.000000 0.000000 1.000000
8.630100 0.002159 -0.003040 0.000000 0.000000 0.000000 1.000000
8.640100 0.002135 0.021957 0.000000 0.000000 0.000000 1.000000
8.650100 0.002116 0.054757 0.000000 0.000000 0.000000 1.000000
8.660100 0.002103 0.052814 0.000000 0.000000 0.000000 1.000000
8.670100 0.002097 0.053710 0.000000 0.000000 0.000000 1.000000
8.680100 0.002095 0.074984 1.000000 0.000000 0.000000 0.000000
8.690100 0.002097 0.060305 1.000000 0.000000 0.000000 0.000000
8.700100 0.002101 0.056764 1.000000 0.000000 0.000000 0.000000
8.710100 0.002107 0.088558 1.000000 0.000000 0.000000 0.000000
8.720100 0.002116 0.158081 1.000000 0.000000 0.000000 0.000000
8.730100 0.002129 0.175714 1.000000 0.000000 0.000000 0.000000
8.740100 0.002146 0.177045 1.000000 0.000000 0.000000 0.000000
8.750100 0.002166 0.126787 1.000000 0.000000 0.000000 0.000000
8.760100 0.002189 0.063864 1.000000 0.000000 0.000000 0.000000
8.770100 0.002213 0.028975 1.000000 0.000000 0.000000 0.000000
8.780100 0.002240 0.093415 1.000000 0.000000 0.000000 0.000000
8.790100 0.002271 0.245389 1.000000 0.000000 0.000000 0.000000
8.800100 0.002311 0.526027 1.000000 0.000000 0.000000 0.000000
8.810100 0.002365 0.709309 1.000000 0.000000 0.000000 0.000000
8.820100 0.002448 0.647465 1.000000 0.000000 0.000000 0.000000
8.830100 0.002561 0.548407 1.000000 0.000000 0.000000 0.000000
8.840100 0.002694 0.278657 1.000000 0.000000 0.000000 0.000000
8.850100 0.002847 0.009090 1.000000 0.000000 0.000000 0.000000
8.860100 0.003002 -0.139866 1.000000 0.000000 0.000000 0.000000
8.870100 0.003145 -0.011337 1.000000 0.000000 0.000000 0.000000
8.880100 0.003279 -0.012654 1.000000 0.000000 0.000000 0.000000
8.890100 0.003406 0.050824 1.000000 0.000000 0.000000 0.000000
8.900100 0.003529 0.238848 1.000000 0.000000 0.000000 0.000000
8.910100 0.003649 0.271416 1.000000 0.000000 0.000000 0.000000
8.920100 0.003777 0.235847 1.000000 0.000000 0.000000 0.000000
8.930100 0.003914 0.077386 1.000000 0.000000 0.000000 0.000000
8.940100 0.004050 0.161594 1.000000 0.000000 0.000000 0.000000
8.950100 0.004186 0.176628 1.000000 0.000000 0.000000 0.000000
8.960100 0.004326 0.204191 1.000000 0.000000 0.000000 0.000000
8.970100 0.004473 0.293966 1.000000 0.000000 0.000000 0.000000
8.980100 0.004629 0.515372 1.000000 0.000000 0.000000 0.000000
8.990100 0.004800 0.603456 1.000000 0.000000 0.000000 0.000000
9.000100 0.004997 0.680367 1.000000 0.000000 0.000000 0.000000
9.010100 0.005223 0.542182 1.000000 0.000000 0.000000 0.000000
9.020100 0.005470 0.343799 1.000000 0.000000 0.000000 0.000000
9.030100 0.005730 0.121340 1.000000 0.000000 0.000000 0.000000
9.040100 0.005993 -0.049598 1.000000 0.000000 0.000000 0.000000
9.050100 0.006238 0.045618 1.000000 0.000000 0.000000 0.000000
9.060100 0.006411 0.747736 0.000000 1.000000 0.000000 0.000000
9.070100 0.006487 1.463405 0.000000 1.000000 0.000000 0.000000
9.080100 0.006491 1.855929 0.000000 1.000000 0.000000 0.000000
9.090100 0.006458 1.962260 0.000000 1.000000 0.000000 0.000000
9.100100 0.006413 1.921655 0.000000 1.000000 0.000000 0.000000
9.110100 0.006371 1.830762 0.000000 1.000000 0.000000 0.000000
9.120100 0.006338 1.667325 0.000000 1.000000 0.000000 0.000000
9.130100 0.006313 1.515078 0.000000 1.000000 0.000000 0.000000
9.140100 0.006299 1.355194 0.000000 1.000000 0.000000 0.000000
9.150100 0.006293 1.330311 0.000000 1.000000 0.000000 0.000000
9.160100 0.006295 1.361287 0.000000 1.000000 0.000000 0.000000
9.170100 0.006302 1.412764 0.000000 1.000000 0.000000 0.000000
9.180100 0.006311 1.417196 0.000000 1.000000 0.000000 0.000000
9.190100 0.006318 1.419621 0.000000 1.000000 0.000000 0.000000
9.200100 0.006320 1.441904 0.000000 1.000000 0.000000 0.000000
9.210100 0.006319 1.486182 0.000000 1.000000 0.000000 0.000000
9.220100 0.006319 1.529286 0.000000 1.000000 0.000000 0.000000
9.230100 0.006324 1.633785 0.000000 1.000000 0.000000 0.000000
9.240100 0.006334 1.779775 0.000000 1.000000 0.000000 0.000000
9.250100 0.006352 1.937421 0.000000 1.000000 0.000000 0.000000
9.260100 0.006382 2.100524 0.000000 1.000000 0.000000 0.000000
9.270100 0.006424 2.366498 0.000000 1.000000 0.000000 0.000000
9.280100 0.006483 2.618307 0.000000 1.000000 0.000000 0.000000
9.290100 0.006552 2.892408 0.000000 1.000000 0.000000 0.000000
9.300100 0.006625 3.105061 0.000000 1.000000 0.000000 0.000000
9.310100 0.006693 3.288513 0.000000 1.000000 0.000000 0.000000
9.320100 0.006751 3.647278 0.000000 1.000000 0.000000 0.000000
9.330100 0.006802 3.889702 0.000000 1.000000 0.000000 0.000000
9.340100 0.006846 4.169088 0.000000 1.000000 0.000000 0.000000
9.350100 0.006888 4.395643 0.000000 1.000000 0.000000 0.000000
9.360100 0.006930 4.558111 0.000000 1.000000 0.000000 0.000000
9.370100 0.006971 4.651750 0.000000 1.000000 0.000000 0.000000
9.380100 0.007006 4.653645 0.000000 1.000000 0.000000 0.000000
9.390100 0.007029 4.736414 0.000000 1.000000 0.000000 0.000000
9.400100 0.007042 4.898419 0.000000 1.000000 0.000000 0.000000
9.410100 0.007055 5.001417 0.000000 1.000000 0.000000 0.000000
9.420100 0.007071 5.033795 0.000000 1.000000 0.000000 0.000000
9.430100 0.007091 5.084076 0.000000 1.000000 0.000000 0.000000
9.440100 0.007113 5.113459 0.000000 1.000000 0.000000 0.000000
9.450100 0.007132 5.147968 0.000000 1.000000 0.000000 0.000000
9.460100 0.007149 5.188377 0.000000 1.000000 0.000000 0.000000
9.470100 0.007164 5.224955 0.000000 1.000000 0.000000 0.000000
9.480100 0.007176 5.266416 0.000000 1.000000 0.000000 0.000000
9.490100 0.007186 5.287158 0.000000 1.000000 0.000000 0.000000
9.500100 0.007195 5.344714 0.000000 1.000000 0.000000 0.000000
9.510100 0.007204 5.396264 0.000000 1.000000 0.000000 0.000000
9.520100 0.007214 5.466334 0.000000 1.000000 0.000000 0.000000
9.530100 0.007228 5.516476 0.000000 1.000000 0.000000 0.000000
9.540100 0.007244 5.538279 0.000000 1.000000 0.000000 0.000000
9.550100 0.007260 5.546269 0.000000 1.000000 0.000000 0.000000
9.560100 0.007275 5.539450 0.000000 1.000000 0.000000 0.000000
9.570100 0.007288 5.520194 0.000000 1.000000 0.000000 0.000000
9.580100 0.007295 5.566090 0.000000 1.000000 0.000000 0.000000
9.590100 0.007300 5.683831 0.000000 1.000000 0.000000 0.000000
9.600100 0.007307 5.886272 0.000000 1.000000 0.000000 0.000000
9.610100 0.007328 6.231038 0.000000 1.000000 0.000000 0.000000
9.620100 0.007374 6.344108 0.000000 1.000000 0.000000 0.000000
9.630100 0.007434 6.463751 0.000000 1.000000 0.000000 0.000000
9.640100 0.007497 6.639495 0.000000 1.000000 0.000000 0.000000
9.650100 0.007553 6.577779 0.000000 1.000000 0.000000 0.000000
9.660100 0.007589 6.479817 0.000000 1.000000 0.000000 0.000000
9.670100 0.007596 6.590293 0.000000 1.000000 0.000000 0.000000
9.680100 0.007583 6.685155 0.000000 1.000000 0.000000 0.000000
9.690100 0.007569 6.731162 0.000000 1.000000 0.000000 0.000000
9.700100 0.007565 6.783306 0.000000 1.000000 0.000000 0.000000
9.710100 0.007573 6.798417 0.000000 1.000000 0.000000 0.000000
9.720100 0.007588 6.763457 0.000000 1.000000 0.000000 0.000000
9.730100 0.007601 6.816419 0.000000 1.000000 0.000000 0.000000
9.740100 0.007608 6.858793 0.000000 1.000000 0.000000 0.000000
9.750100 0.007609 6.921907 0.000000 1.000000 0.000000 0.000000
9.760100 0.007610 6.950428 0.000000 1.000000 0.000000 0.000000
9.770100 0.007612 6.994508 0.000000 1.000000 0.000000 0.000000
9.780100 0.007615 7.006008 0.000000 1.000000 0.000000 0.000000
9.790100 0.007621 7.012242 0.000000 1.000000 0.000000 0.000000
9.800100 0.007627 7.033837 0.000000 1.000000 0.000000 0.000000
9.810100 0.007633 7.012670 0.000000 1.000000 0.000000 0.000000
9.820100 0.007639 7.026104 0.000000 1.000000 0.000000 0.000000
9.830100 0.007643 7.023782 0.000000 1.000000 0.000000 0.000000
9.840100 0.007645 6.978730 0.000000 1.000000 0.000000 0.000000
9.850100 0.007644 6.904531 0.000000 0.000000 1.000000 0.000000
9.860100 0.007638 6.769733 0.000000 0.000000 1.000000 0.000000
9.870100 0.007625 6.623614 0.000000 0.000000 1.000000 0.000000
9.880100 0.007606 6.523430 0.000000 0.000000 1.000000 0.000000
9.890100 0.007582 6.294304 0.000000 0.000000 1.000000 0.000000
9.900100 0.007551 5.969162 0.000000 0.000000 1.000000 0.000000
9.910100 0.007509 5.906263 0.000000 0.000000 1.000000 0.000000
9.920100 0.007457 5.608768 0.000000 0.000000 1.000000 0.000000
9.930100 0.007394 5.396681 0.000000 0.000000 1.000000 0.000000
9.940100 0.007330 5.229992 0.000000 0.000000 1.000000 0.000000
9.950100 0.007280 4.944280 0.000000 0.000000 1.000000 0.000000
9.960100 0.007242 4.731089 0.000000 0.000000 1.000000 0.000000
9.970100 0.007211 4.637504 0.000000 0.000000 1.000000 0.000000
9.980100 0.007188 4.510585 0.000000 0.000000 1.000000 0.000000
9.990100 0.007168 4.325787 0.000000 0.000000 1.000000 0.000000
10.000100 0.007147 4.121074 0.000000 0.000000 1.000000 0.000000
10.010100 0.007116 3.918415 0.000000 0.000000 1.000000 0.000000
10.020100 0.007068 3.648729 0.000000 0.000000 1.000000 0.000000
10.030100 0.007004 3.520513 0.000000 0.000000 1.000000 0.000000
10.040100 0.006935 3.465514 0.000000 0.000000 1.000000 0.000000
10.050100 0.006873 3.329845 0.000000 0.000000 1.000000 0.000000
10.060100 0.006828 3.072187 0.000000 0.000000 1.000000 0.000000
10.070100 0.006792 2.794901 0.000000 0.000000 1.000000 0.000000
10.080100 0.006759 2.595524 0.000000 0.000000 1.000000 0.000000
10.090100 0.006723 2.384454 0.000000 0.000000 1.000000 0.000000
10.100100 0.006683 2.196497 0.000000 0.000000 1.000000 0.000000
10.110100 0.006640 2.058710 0.000000 0.000000 1.000000 0.000000
10.120100 0.006596 1.953739 0.000000 0.000000 1.000000 0.000000
10.130100 0.006558 1.869260 0.000000 0.000000 1.000000 0.000000
10.140100 0.006529 1.748121 0.000000 0.000000 1.000000 0.000000
10.150100 0.006509 1.625832 0.000000 0.000000 1.000000 0.000000
10.160100 0.006495 1.492612 0.000000 0.000000 1.000000 0.000000
10.170100 0.006482 1.377862 0.000000 0.000000 1.000000 0.000000
10.180100 0.006464 1.262878 0.000000 0.000000 1.000000 0.000000
10.190100 0.006441 1.241831 0.000000 0.000000 1.000000 0.000000
10.200100 0.006417 1.226136 0.000000 0.000000 1.000000 0.000000
10.210100 0.006396 1.208290 0.000000 0.000000 1.000000 0.000000
10.220100 0.006381 1.114454 0.000000 0.000000 1.000000 0.000000
10.230100 0.006370 1.073395 0.000000 0.000000 1.000000 0.000000
10.240100 0.006362 1.021741 0.000000 0.000000 1.000000 0.000000
10.250100 0.006353 0.987112 0.000000 0.000000 1.000000 0.000000
10.260100 0.006342 0.961732 0.000000 0.000000 1.000000 0.000000
10.270100 0.006330 0.936858 0.000000 0.000000 1.000000 0.000000
10.280100 0.006318 0.882601 0.000000 0.000000 1.000000 0.000000
10.290100 0.006309 0.837181 0.000000 0.000000 1.000000 0.000000
10.300100 0.006305 0.822955 0.000000 0.000000 1.000000 0.000000
10.310100 0.006303 0.771549 0.000000 0.000000 1.000000 0.000000
10.320100 0.006302 0.729076 0.000000 0.000000 1.000000 0.000000
10.330100 0.006300 0.704482 0.000000 0.000000 1.000000 0.000000
10.340100 0.006295 0.685513 0.000000 0.000000 1.000000 0.000000
10.350100 0.006289 0.674273 0.000000 0.000000 1.000000 0.000000
10.360100 0.006283 0.644487 0.000000 0.000000 1.000000 0.000000
10.370100 0.006277 0.603123 0.000000 0.000000 1.000000 0.000000
10.380100 0.006268 0.558686 0.000000 0.000000 1.000000 0.000000
10.390100 0.006257 0.519507 0.000000 0.000000 1.000000 0.000000
10.400100 0.006241 0.433573 0.000000 0.000000 1.000000 0.000000
10.410100 0.006221 0.220432 0.000000 0.000000 0.000000 1.000000
10.420100 0.006199 -0.118699 0.000000 0.000000 0.000000 1.000000
10.430100 0.006164 -0.366596 0.000000 0.000000 0.000000 1.000000
10.440100 0.006118 -0.443318 0.000000 0.000000 0.000000 1.000000
10.450100 0.006058 -0.328241 0.000000 0.000000 0.000000 1.000000
10.460100 0.005988 -0.228580 0.000000 0.000000 0.000000 1.000000
10.470100 0.005909 -0.166747 0.000000 0.000000 0.000000 1.000000
10.480100 0.005824 -0.102038 0.000000 0.000000 0.000000 1.000000
10.490100 0.005741 0.048110 0.000000 0.000000 0.000000 1.000000
10.500100 0.005665 0.166851 0.000000 0.000000 0.000000 1.000000
10.510100 0.005604 0.210202 0.000000 0.000000 0.000000 1.000000
10.520100 0.005553 -0.025439 0.000000 0.000000 0.000000 1.000000
10.530100 0.005506 -0.215466 0.000000 0.000000 0.000000 1.000000
10.540100 0.005455 -0.355423 0.000000 0.000000 0.000000 1.000000
10.550100 0.005396 -0.572638 0.000000 0.000000 0.000000 1.000000
10.560100 0.005317 -0.498288 0.000000 0.000000 0.000000 1.000000
10.570100 0.005218 -0.352450 0.000000 0.000000 0.000000 1.000000
10.580100 0.005107 -0.263836 0.000000 0.000000 0.000000 1.000000
10.590100 0.004989 0.002480 0.000000 0.000000 0.000000 1.000000
10.600100 0.004874 0.097669 0.000000 0.000000 0.000000 1.000000
10.610100 0.004768 0.242174 0.000000 0.000000 0.000000 1.000000
10.620100 0.004678 0.111841 0.000000 0.000000 0.000000 1.000000
10.630100 0.004598 -0.120768 0.000000 0.000000 0.000000 1.000000
10.640100 0.004519 -0.259595 0.000000 0.000000 0.000000 1.000000
10.650100 0.004436 -0.471355 0.000000 0.000000 0.000000 1.000000
10.660100 0.004340 -0.511607 0.000000 0.000000 0.000000 1.000000
10.670100 0.004225 -0.515943 0.000000 0.000000 0.000000 1.000000
10.680100 0.004093 -0.450603 0.000000 0.000000 0.000000 1.000000
10.690100 0.003947 -0.223618 0.000000 0.000000 0.000000 1.000000
10.700100 0.003792 -0.051064 0.000000 0.000000 0.000000 1.000000
10.710100 0.003640 -0.081077 0.000000 0.000000 0.000000 1.000000
10.720100 0.003490 0.043876 0.000000 0.000000 0.000000 1.000000
10.730100 0.003340 0.001541 0.000000 0.000000 0.000000 1.000000
10.740100 0.003197 0.091758 0.000000 0.000000 0.000000 1.000000
10.750100 0.003060 -0.002928 0.000000 0.000000 0.000000 1.000000
10.760100 0.002926 0.002552 0.000000 0.000000 0.000000 1.000000
10.770100 0.002797 -0.018712 0.000000 0.000000 0.000000 1.000000
10.780100 0.002679 -0.170388 0.000000 0.000000 0.000000 1.000000
10.790100 0.002566 -0.234740 0.000000 0.000000 0.000000 1.000000
10.800100 0.002451 -0.212833 0.000000 0.000000 0.000000 1.000000
10.810100 0.002336 -0.153338 0.000000 0.000000 0.000000 1.000000
10.820100 0.002220 -0.114073 0.000000 0.000000 0.000000 1.000000
10.830100 0.002107 -0.050373 0.000000 0.000000 0.000000 1.000000
10.840100 0.001995 0.177928 0.000000 0.000000 0.000000 1.000000
10.850100 0.001896 0.431520 0.000000 0.000000 0.000000 1.000000
10.860100 0.001816 0.565149 0.000000 0.000000 0.000000 1.000000
10.870100 0.001766 0.461534 0.000000 0.000000 0.000000 1.000000
10.880100 0.001744 0.275061 0.000000 0.000000 0.000000 1.000000
10.890100 0.001744 0.082360 0.000000 0.000000 0.000000 1.000000
10.900100 0.001757 -0.005884 0.000000 0.000000 0.000000 1.000000
10.910100 0.001774 -0.010556 0.000000 0.000000 0.000000 1.000000
10.920100 0.001790 -0.032850 0.000000 0.000000 0.000000 1.000000
10.930100 0.001804 -0.113076 0.000000 0.000000 0.000000 1.000000
10.940100 0.001812 -0.131188 0.000000 0.000000 0.000000 1.000000
10.950100 0.001813 -0.125772 0.000000 0.000000 0.000000 1.000000
10.960100 0.001808 -0.115812 0.000000 0.000000 0.000000 1.000000
10.970100 0.001800 -0.103580 0.000000 0.000000 0.000000 1.000000
10.980100 0.001791 -0.087658 0.000000 0.000000 0.000000 1.000000
10.990100 0.001782 -0.079565 0.000000 0.000000 0.000000 1.000000
11.000100 0.001774 -0.059365 1.000000 0.000000 0.000000 0.000000
11.010100 0.001767 -0.051257 1.000000 0.000000 0.000000 0.000000
11.020100 0.001765 -0.072269 1.000000 0.000000 0.000000 0.000000
11.030100 0.001766 -0.086695 1.000000 0.000000 0.000000 0.000000
11.040100 0.001768 -0.101038 1.000000 0.000000 0.000000 0.000000
11.050100 0.001768 -0.103172 1.000000 0.000000 0.000000 0.000000
11.060100 0.001767 -0.105286 1.000000 0.000000 0.000000 0.000000
11.070100 0.001766 -0.122254 1.000000 0.000000 0.000000 0.000000
11.080100 0.001766 -0.146750 1.000000 0.000000 0.000000 0.000000
11.090100 0.001765 -0.170131 1.000000 0.000000 0.000000 0.000000
11.100100 0.001763 -0.213193 1.000000 0.000000 0.000000 0.000000
11.110100 0.001760 -0.256191 1.000000 0.000000 0.000000 0.000000
11.120100 0.001755 -0.315985 1.000000 0.000000 0.000000 0.000000
11.130100 0.001747 -0.310337 1.000000 0.000000 0.000000 0.000000
11.140100 0.001735 -0.262912 1.000000 0.000000 0.000000 0.000000
11.150100 0.001718 -0.157202 1.000000 0.000000 0.000000 0.000000
11.160100 0.001695 -0.044304 1.000000 0.000000 0.000000 0.000000
11.170100 0.001673 0.018358 1.000000 0.000000 0.000000 0.000000
11.180100 0.001656 0.070386 1.000000 0.000000 0.000000 0.000000
11.190100 0.001645 0.080001 1.000000 0.000000 0.000000 0.000000
11.200100 0.001642 0.072063 1.000000 0.000000 0.000000 0.000000
11.210100 0.001645 0.054874 1.000000 0.000000 0.000000 0.000000
11.220100 0.001651 0.010132 1.000000 0.000000 0.000000 0.000000
11.230100 0.001656 -0.006931 1.000000 0.000000 0.000000 0.000000
11.240100 0.001660 -0.042052 1.000000 0.000000 0.000000 0.000000
11.250100 0.001661 -0.063198 1.000000 0.000000 0.000000 0.000000
11.260100 0.001659 -0.071425 1.000000 0.000000 0.000000 0.000000
11.270100 0.001655 -0.055603 1.000000 0.000000 0.000000 0.000000
11.280100 0.001651 -0.072238 1.000000 0.000000 0.000000 0.000000
11.290100 0.001647 -0.107959 1.000000 0.000000 0.000000 0.000000
11.300100 0.001643 -0.121815 1.000000 0.000000 0.000000 0.000000
11.310100 0.001637 -0.115488 1.000000 0.000000 0.000000 0.000000
11.320100 0.001631 -0.054088 1.000000 0.000000 0.000000 0.000000
11.330100 0.001626 -0.052834 1.000000 0.000000 0.000000 0.000000
11.340100 0.001621 -0.030206 1.000000 0.000000 0.000000 0.000000
11.350100 0.001618 -0.041607 1.000000 0.000000 0.000000 0.000000
11.360100 0.001618 -0.048424 1.000000 0.000000 0.000000 0.000000
11.370100 0.001618 -0.034830 1.000000 0.000000 0.000000 0.000000
11.380100 0.001619 -0.037491 1.000000 0.000000 0.000000 0.000000
11.390100 0.001619 -0.032751 1.000000 0.000000 0.000000 0.000000
11.400100 0.001619 -0.011870 1.000000 0.000000 0.000000 0.000000
11.410100 0.001619 -0.007978 1.000000 0.000000 0.000000 0.000000
11.420100 0.001620 0.006166 1.000000 0.000000 0.000000 0.000000
11.430100 0.001620 0.033749 1.000000 0.000000 0.000000 0.000000
11.440100 0.001621 0.062920 1.000000 0.000000 0.000000 0.000000
11.450100 0.001624 0.090621 1.000000 0.000000 0.000000 0.000000
11.460100 0.001629 0.123672 1.000000 0.000000 0.000000 0.000000
11.470100 0.001638 0.116211 1.000000 0.000000 0.000000 0.000000
11.480100 0.001653 0.094124 1.000000 0.000000 0.000000 0.000000
11.490100 0.001670 0.065066 1.000000 0.000000 0.000000 0.000000
11.500100 0.001690 0.069916 1.000000 0.000000 0.000000 0.000000
11.510100 0.001712 0.077704 1.000000 0.000000 0.000000 0.000000
11.520100 0.001737 0.108731 1.000000 0.000000 0.000000 0.000000
11.530100 0.001769 0.171392 1.000000 0.000000 0.000000 0.000000
11.540100 0.001810 0.282807 1.000000 0.000000 0.000000 0.000000
11.550100 0.001861 0.434493 1.000000 0.000000 0.000000 0.000000
11.560100 0.001926 0.601011 1.000000 0.000000 0.000000 0.000000
11.570100 0.002011 0.592560 1.000000 0.000000 0.000000 0.000000
11.580100 0.002119 0.476955 1.000000 0.000000 0.000000 0.000000
11.590100 0.002244 0.299927 1.000000 0.000000 0.000000 0.000000
11.600100 0.002381 0.308770 1.000000 0.000000 0.000000 0.000000
11.610100 0.002531 0.396193 1.000000 0.000000 0.000000 0.000000
11.620100 0.002697 0.451943 1.000000 0.000000 0.000000 0.000000
11.630100 0.002886 0.416330 1.000000 0.000000 0.000000 0.000000
11.640100 0.003090 0.473789 1.000000 0.000000 0.000000 0.000000
11.650100 0.003306 0.363422 1.000000 0.000000 0.000000 0.000000
11.660100 0.003534 0.361318 1.000000 0.000000 0.000000 0.000000
11.670100 0.003768 0.248090 1.000000 0.000000 0.000000 0.000000
11.680100 0.004012 0.084847 1.000000 0.000000 0.000000 0.000000
11.690100 0.004255 0.086877 1.000000 0.000000 0.000000 0.000000
11.700100 0.004497 0.124830 1.000000 0.000000 0.000000 0.000000
11.710100 0.004740 0.176788 1.000000 0.000000 0.000000 0.000000
11.720100 0.004987 0.306391 1.000000 0.000000 0.000000 0.000000
11.730100 0.005241 0.427537 1.000000 0.000000 0.000000 0.000000
11.740100 0.005508 0.589669 1.000000 0.000000 0.000000 0.000000
11.750100 0.005794 0.670883 1.000000 0.000000 0.000000 0.000000
11.760100 0.006104 0.727851 0.000000 1.000000 0.000000 0.000000
11.770100 0.006403 1.350667 0.000000 1.000000 0.000000 0.000000
11.780100 0.006634 2.251040 0.000000 1.000000 0.000000 0.000000
11.790100 0.006782 3.104729 0.000000 1.000000 0.000000 0.000000
11.800100 0.006858 3.715181 0.000000 1.000000 0.000000 0.000000
11.810100 0.006881 3.817315 0.000000 1.000000 0.000000 0.000000
11.820100 0.006863 3.844719 0.000000 1.000000 0.000000 0.000000
11.830100 0.006822 3.712337 0.000000 1.000000 0.000000 0.000000
11.840100 0.006769 3.669521 0.000000 1.000000 0.000000 0.000000
11.850100 0.006718 3.480790 0.000000 1.000000 0.000000 0.000000
11.860100 0.006679 3.486353 0.000000 1.000000 0.000000 0.000000
11.870100 0.006663 3.400303 0.000000 1.000000 0.000000 0.000000
11.880100 0.006670 3.245372 0.000000 1.000000 0.000000 0.000000
11.890100 0.006683 3.253423 0.000000 1.000000 0.000000 0.000000
11.900100 0.006698 3.350573 0.000000 1.000000 0.000000 0.000000
11.910100 0.006712 3.385050 0.000000 1.000000 0.000000 0.000000
11.920100 0.006724 3.388329 0.000000 1.000000 0.000000 0.000000
11.930100 0.006730 3.436867 0.000000 1.000000 0.000000 0.000000
11.940100 0.006734 3.496421 0.000000 1.000000 0.000000 0.000000
11.950100 0.006739 3.583151 0.000000 1.000000 0.000000 0.000000
11.960100 0.006749 3.646814 0.000000 1.000000 0.000000 0.000000
11.970100 0.006763 3.649123 0.000000 1.000000 0.000000 0.000000
11.980100 0.006778 3.670398 0.000000 1.000000 0.000000 0.000000
11.990100 0.006790 3.744631 0.000000 1.000000 0.000000 0.000000
12.000100 0.006801 3.906813 0.000000 1.000000 0.000000 0.000000
12.010100 0.006817 4.166724 0.000000 1.000000 0.000000 0.000000
12.020100 0.006848 4.535122 0.000000 1.000000 0.000000 0.000000
12.030100 0.006907 4.856282 0.000000 1.000000 0.000000 0.000000
12.040100 0.006990 5.121696 0.000000 1.000000 0.000000 0.000000
12.050100 0.007090 5.340763 0.000000 1.000000 0.000000 0.000000
12.060100 0.007194 5.618859 0.000000 1.000000 0.000000 0.000000
12.070100 0.007287 5.764875 0.000000 1.000000 0.000000 0.000000
12.080100 0.007366 6.142083 0.000000 1.000000 0.000000 0.000000
12.090100 0.007426 6.311527 0.000000 1.000000 0.000000 0.000000
12.100100 0.007461 6.397984 0.000000 1.000000 0.000000 0.000000
12.110100 0.007473 6.545228 0.000000 1.000000 0.000000 0.000000
12.120100 0.007472 6.721272 0.000000 1.000000 0.000000 0.000000
12.130100 0.007475 6.854168 0.000000 1.000000 0.000000 0.000000
12.140100 0.007486 6.871602 0.000000 1.000000 0.000000 0.000000
12.150100 0.007504 6.792589 0.000000 1.000000 0.000000 0.000000
12.160100 0.007520 6.696060 0.000000 1.000000 0.000000 0.000000
12.170100 0.007529 6.708999 0.000000 1.000000 0.000000 0.000000
12.180100 0.007535 6.887766 0.000000 1.000000 0.000000 0.000000
12.190100 0.007547 6.968078 0.000000 1.000000 0.000000 0.000000
12.200100 0.007569 6.948120 0.000000 1.000000 0.000000 0.000000
12.210100 0.007594 6.961882 0.000000 1.000000 0.000000 0.000000
12.220100 0.007613 7.041260 0.000000 1.000000 0.000000 0.000000
12.230100 0.007621 7.106605 0.000000 1.000000 0.000000 0.000000
12.240100 0.007622 7.148872 0.000000 1.000000 0.000000 0.000000
12.250100 0.007622 7.213750 0.000000 1.000000 0.000000 0.000000
12.260100 0.007625 7.221818 0.000000 1.000000 0.000000 0.000000
12.270100 0.007630 7.250202 0.000000 1.000000 0.000000 0.000000
12.280100 0.007637 7.278157 0.000000 1.000000 0.000000 0.000000
12.290100 0.007647 7.300690 0.000000 1.000000 0.000000 0.000000
12.300100 0.007660 7.356349 0.000000 1.000000 0.000000 0.000000
12.310100 0.007675 7.422638 0.000000 1.000000 0.000000 0.000000
12.320100 0.007694 7.483302 0.000000 1.000000 0.000000 0.000000
12.330100 0.007719 7.533917 0.000000 1.000000 0.000000 0.000000
12.340100 0.007751 7.581992 0.000000 1.000000 0.000000 0.000000
12.350100 0.007792 7.709385 0.000000 1.000000 0.000000 0.000000
12.360100 0.007842 7.848668 0.000000 1.000000 0.000000 0.000000
12.370100 0.007895 8.114855 0.000000 1.000000 0.000000 0.000000
12.380100 0.007948 8.430838 0.000000 1.000000 0.000000 0.000000
12.390100 0.007996 8.542799 0.000000 1.000000 0.000000 0.000000
12.400100 0.008034 8.496903 0.000000 1.000000 0.000000 0.000000
12.410100 0.008064 8.540598 0.000000 1.000000 0.000000 0.000000
12.420100 0.008087 8.606279 0.000000 1.000000 0.000000 0.000000
12.430100 0.008106 8.694941 0.000000 1.000000 0.000000 0.000000
12.440100 0.008127 8.754202 0.000000 1.000000 0.000000 0.000000
12.450100 0.008155 8.803765 0.000000 1.000000 0.000000 0.000000
12.460100 0.008190 8.768150 0.000000 1.000000 0.000000 0.000000
12.470100 0.008224 8.743702 0.000000 1.000000 0.000000 0.000000
12.480100 0.008253 8.707319 0.000000 1.000000 0.000000 0.000000
12.490100 0.008274 8.709294 0.000000 1.000000 0.000000 0.000000
12.500100 0.008283 8.732989 0.000000 1.000000 0.000000 0.000000
12.510100 0.008285 8.775651 0.000000 1.000000 0.000000 0.000000
12.520100 0.008285 8.813415 0.000000 1.000000 0.000000 0.000000
12.530100 0.008287 8.830452 0.000000 1.000000 0.000000 0.000000
12.540100 0.008291 8.845177 0.000000 1.000000 0.000000 0.000000
12.550100 0.008298 8.854589 0.000000 1.000000 0.000000 0.000000
12.560100 0.008308 8.885125 0.000000 1.000000 0.000000 0.000000
12.570100 0.008321 8.882983 0.000000 1.000000 0.000000 0.000000
12.580100 0.008334 8.853537 0.000000 1.000000 0.000000 0.000000
12.590100 0.008340 8.839315 0.000000 1.000000 0.000000 0.000000
12.600100 0.008342 8.871738 0.000000 1.000000 0.000000 0.000000
12.610100 0.008344 8.869767 0.000000 1.000000 0.000000 0.000000
12.620100 0.008344 8.882247 0.000000 1.000000 0.000000 0.000000
12.630100 0.008345 8.893518 0.000000 1.000000 0.000000 0.000000
12.640100 0.008347 8.907141 0.000000 1.000000 0.000000 0.000000
12.650100 0.008349 8.922976 0.000000 1.000000 0.000000 0.000000
12.660100 0.008352 8.946452 0.000000 1.000000 0.000000 0.000000
12.670100 0.008357 8.958440 0.000000 1.000000 0.000000 0.000000
12.680100 0.008363 8.938426 0.000000 1.000000 0.000000 0.000000
12.690100 0.008366 8.914118 0.000000 1.000000 0.000000 0.000000
12.700100 0.008369 8.934341 0.000000 1.000000 0.000000 0.000000
12.710100 0.008371 8.930794 0.000000 1.000000 0.000000 0.000000
12.720100 0.008373 8.919613 0.000000 1.000000 0.000000 0.000000
12.730100 0.008376 8.945643 0.000000 1.000000 0.000000 0.000000
12.740100 0.008382 8.961176 0.000000 1.000000 0.000000 0.000000
12.750100 0.008389 8.950254 0.000000 1.000000 0.000000 0.000000
12.760100 0.008396 8.928993 0.000000 1.000000 0.000000 0.000000
12.770100 0.008398 8.941433 0.000000 1.000000 0.000000 0.000000
12.780100 0.008398 8.952733 0.000000 1.000000 0.000000 0.000000
12.790100 0.008398 8.959914 0.000000 1.000000 0.000000 0.000000
12.800100 0.008400 8.999529 0.000000 1.000000 0.000000 0.000000
12.810100 0.008403 9.050533 0.000000 1.000000 0.000000 0.000000
12.820100 0.008409 9.063543 0.000000 1.000000 0.000000 0.000000
12.830100 0.008417 9.050509 0.000000 1.000000 0.000000 0.000000
12.840100 0.008426 9.007321 0.000000 1.000000 0.000000 0.000000
12.850100 0.008430 9.006024 0.000000 1.000000 0.000000 0.000000
12.860100 0.008431 9.034728 0.000000 1.000000 0.000000 0.000000
12.870100 0.008431 9.036694 0.000000 1.000000 0.000000 0.000000
12.880100 0.008431 9.084354 0.000000 1.000000 0.000000 0.000000
12.890100 0.008434 9.164349 0.000000 1.000000 0.000000 0.000000
12.900100 0.008443 9.330392 0.000000 1.000000 0.000000 0.000000
12.910100 0.008465 9.648801 0.000000 1.000000 0.000000 0.000000
12.920100 0.008509 9.817058 0.000000 1.000000 0.000000 0.000000
12.930100 0.008576 9.581040 0.000000 1.000000 0.000000 0.000000
12.940100 0.008642 9.427964 0.000000 1.000000 0.000000 0.000000
12.950100 0.008693 9.527538 0.000000 1.000000 0.000000 0.000000
12.960100 0.008731 9.753732 0.000000 1.000000 0.000000 0.000000
12.970100 0.008760 9.935103 0.000000 1.000000 0.000000 0.000000
12.980100 0.008790 10.127671 0.000000 1.000000 0.000000 0.000000
12.990100 0.008831 10.317048 0.000000 1.000000 0.000000 0.000000
13.000100 0.008885 10.469440 0.000000 1.000000 0.000000 0.000000
13.010100 0.008950 10.532474 0.000000 1.000000 0.000000 0.000000
13.020100 0.009017 10.478479 0.000000 1.000000 0.000000 0.000000
13.030100 0.009070 10.264789 0.000000 1.000000 0.000000 0.000000
13.040100 0.009097 10.296537 0.000000 1.000000 0.000000 0.000000
13.050100 0.009098 10.489340 0.000000 1.000000 0.000000 0.000000
13.060100 0.009091 10.566219 0.000000 1.000000 0.000000 0.000000
13.070100 0.009087 10.576311 0.000000 1.000000 0.000000 0.000000
13.080100 0.009089 10.545577 0.000000 1.000000 0.000000 0.000000
13.090100 0.009093 10.550450 0.000000 1.000000 0.000000 0.000000
13.100100 0.009095 10.536480 0.000000 1.000000 0.000000 0.000000
13.110100 0.009098 10.578437 0.000000 1.000000 0.000000 0.000000
13.120100 0.009101 10.597932 0.000000 1.000000 0.000000 0.000000
13.130100 0.009106 10.599644 0.000000 1.000000 0.000000 0.000000
13.140100 0.009111 10.588938 0.000000 1.000000 0.000000 0.000000
13.150100 0.009118 10.572706 0.000000 1.000000 0.000000 0.000000
13.160100 0.009125 10.583768 0.000000 1.000000 0.000000 0.000000
13.170100 0.009130 10.576275 0.000000 1.000000 0.000000 0.000000
13.180100 0.009131 10.595238 0.000000 1.000000 0.000000 0.000000
13.190100 0.009133 10.572595 0.000000 1.000000 0.000000 0.000000
13.200100 0.009134 10.569344 0.000000 1.000000 0.000000 0.000000
13.210100 0.009134 10.583681 0.000000 1.000000 0.000000 0.000000
13.220100 0.009135 10.587901 0.000000 1.000000 0.000000 0.000000
13.230100 0.009137 10.585593 0.000000 1.000000 0.000000 0.000000
13.240100 0.009140 10.573638 0.000000 1.000000 0.000000 0.000000
13.250100 0.009142 10.552537 0.000000 1.000000 0.000000 0.000000
13.260100 0.009143 10.536142 0.000000 1.000000 0.000000 0.000000
13.270100 0.009144 10.490035 0.000000 0.000000 1.000000 0.000000
13.280100 0.009142 10.354718 0.000000 0.000000 1.000000 0.000000
13.290100 0.009134 10.190661 0.000000 0.000000 1.000000 0.000000
13.300100 0.009117 10.022793 0.000000 0.000000 1.000000 0.000000
13.310100 0.009087 9.835593 0.000000 0.000000 1.000000 0.000000
13.320100 0.009041 9.491101 0.000000 0.000000 1.000000 0.000000
13.330100 0.008972 9.146274 0.000000 0.000000 1.000000 0.000000
13.340100 0.008874 8.783532 0.000000 0.000000 1.000000 0.000000
13.350100 0.008752 8.561965 0.000000 0.000000 1.000000 0.000000
13.360100 0.008616 8.145856 0.000000 0.000000 1.000000 0.000000
13.370100 0.008472 7.782686 0.000000 0.000000 1.000000 0.000000
13.380100 0.008322 7.451512 0.000000 0.000000 1.000000 0.000000
13.390100 0.008182 7.132768 0.000000 0.000000 1.000000 0.000000
13.400100 0.008058 6.853328 0.000000 0.000000 1.000000 0.000000
13.410100 0.007946 6.761460 0.000000 0.000000 1.000000 0.000000
13.420100 0.007851 6.454946 0.000000 0.000000 1.000000 0.000000
13.430100 0.007779 5.972913 0.000000 0.000000 1.000000 0.000000
13.440100 0.007722 5.594685 0.000000 0.000000 1.000000 0.000000
13.450100 0.007659 5.235619 0.000000 0.000000 1.000000 0.000000
13.460100 0.007578 4.984118 0.000000 0.000000 1.000000 0.000000
13.470100 0.007488 4.650072 0.000000 0.000000 1.000000 0.000000
13.480100 0.007389 4.423053 0.000000 0.000000 1.000000 0.000000
13.490100 0.007293 4.053572 0.000000 0.000000 1.000000 0.000000
13.500100 0.007210 3.675043 0.000000 0.000000 1.000000 0.000000
13.510100 0.007134 3.398011 0.000000 0.000000 1.000000 0.000000
13.520100 0.007063 3.166751 0.000000 0.000000 1.000000 0.000000
13.530100 0.006996 2.867317 0.000000 0.000000 1.000000 0.000000
13.540100 0.006929 2.656276 0.000000 0.000000 1.000000 0.000000
13.550100 0.006861 2.357527 0.000000 0.000000 1.000000 0.000000
13.560100 0.006795 2.071096 0.000000 0.000000 1.000000 0.000000
13.570100 0.006730 1.952074 0.000000 0.000000 1.000000 0.000000
13.580100 0.006675 1.822403 0.000000 0.000000 1.000000 0.000000
13.590100 0.006634 1.684761 0.000000 0.000000 1.000000 0.000000
13.600100 0.006607 1.558872 0.000000 0.000000 1.000000 0.000000
13.610100 0.006589 1.403253 0.000000 0.000000 1.000000 0.000000
13.620100 0.006571 1.299579 0.000000 0.000000 1.000000 0.000000
13.630100 0.006549 1.187417 0.000000 0.000000 1.000000 0.000000
13.640100 0.006526 1.116738 0.000000 0.000000 1.000000 0.000000
13.650100 0.006504 1.043389 0.000000 0.000000 1.000000 0.000000
13.660100 0.006484 0.967569 0.000000 0.000000 1.000000 0.000000
13.670100 0.006467 0.903351 0.000000 0.000000 1.000000 0.000000
13.680100 0.006450 0.855177 0.000000 0.000000 1.000000 0.000000
13.690100 0.006435 0.748913 0.000000 0.000000 1.000000 0.000000
13.700100 0.006419 0.616163 0.000000 0.000000 0.000000 1.000000
13.710100 0.006397 0.495647 0.000000 0.000000 0.000000 1.000000
13.720100 0.006368 0.401023 0.000000 0.000000 0.000000 1.000000
13.730100 0.006333 0.149420 0.000000 0.000000 0.000000 1.000000
13.740100 0.006290 -0.160730 0.000000 0.000000 0.000000 1.000000
13.750100 0.006237 -0.547964 0.000000 0.000000 0.000000 1.000000
13.760100 0.006171 -0.700502 0.000000 0.000000 0.000000 1.000000
13.770100 0.006080 -0.579763 0.000000 0.000000 0.000000 1.000000
13.780100 0.005964 -0.525668 0.000000 0.000000 0.000000 1.000000
13.790100 0.005829 -0.246563 0.000000 0.000000 0.000000 1.000000
13.800100 0.005686 -0.066818 0.000000 0.000000 0.000000 1.000000
13.810100 0.005542 -0.014519 0.000000 0.000000 0.000000 1.000000
13.820100 0.005401 -0.044318 0.000000 0.000000 0.000000 1.000000
13.830100 0.005263 -0.155437 0.000000 0.000000 0.000000 1.000000
13.840100 0.005125 -0.236853 0.000000 0.000000 0.000000 1.000000
13.850100 0.004984 -0.356858 0.000000 0.000000 0.000000 1.000000
13.860100 0.004837 -0.351528 0.000000 0.000000 0.000000 1.000000
13.870100 0.004682 -0.450185 0.000000 0.000000 0.000000 1.000000
13.880100 0.004514 -0.386434 0.000000 0.000000 0.000000 1.000000
13.890100 0.004334 -0.286582 0.000000 0.000000 0.000000 1.000000
13.900100 0.004148 -0.189846 0.000000 0.000000 0.000000 1.000000
13.910100 0.003956 -0.147577 0.000000 0.000000 0.000000 1.000000
13.920100 0.003759 -0.069439 0.000000 0.000000 0.000000 1.000000
13.930100 0.003563 -0.144569 0.000000 0.000000 0.000000 1.000000
13.940100 0.003364 -0.097452 0.000000 0.000000 0.000000 1.000000
13.950100 0.003164 0.014366 0.000000 0.000000 0.000000 1.000000
13.960100 0.002969 0.025689 0.000000 0.000000 0.000000 1.000000
13.970100 0.002779 0.162415 0.000000 0.000000 0.000000 1.000000
13.980100 0.002609 0.181691 0.000000 0.000000 0.000000 1.000000
13.990100 0.002454 0.292995 0.000000 0.000000 0.000000 1.000000
14.000100 0.002319 0.411757 0.000000 0.000000 0.000000 1.000000
14.010100 0.002204 0.458246 0.000000 0.000000 0.000000 1.000000
14.020100 0.002113 0.217740 0.000000 0.000000 0.000000 1.000000
14.030100 0.002038 -0.107516 0.000000 0.000000 0.000000 1.000000
14.040100 0.001967 -0.162060 0.000000 0.000000 0.000000 1.000000
14.050100 0.001891 -0.130818 0.000000 0.000000 0.000000 1.000000
14.060100 0.001814 -0.120093 0.000000 0.000000 0.000000 1.000000
14.070100 0.001738 -0.100263 0.000000 0.000000 0.000000 1.000000
14.080100 0.001665 0.016766 0.000000 0.000000 0.000000 1.000000
14.090100 0.001600 0.260301 0.000000 0.000000 0.000000 1.000000
14.100100 0.001551 0.520961 0.000000 0.000000 0.000000 1.000000
14.110100 0.001526 0.457603 0.000000 0.000000 0.000000 1.000000
14.120100 0.001529 0.354701 1.000000 0.000000 0.000000 0.000000
14.130100 0.001551 0.206300 1.000000 0.000000 0.000000 0.000000
14.140100 0.001585 0.048308 1.000000 0.000000 0.000000 0.000000
14.150100 0.001623 -0.111931 1.000000 0.000000 0.000000 0.000000
14.160100 0.001656 -0.216907 1.000000 0.000000 0.000000 0.000000
14.170100 0.001679 -0.276113 1.000000 0.000000 0.000000 0.000000
14.180100 0.001689 -0.236164 1.000000 0.000000 0.000000 0.000000
14.190100 0.001688 -0.164217 1.000000 0.000000 0.000000 0.000000
14.200100 0.001679 -0.096084 1.000000 0.000000 0.000000 0.000000
14.210100 0.001669 -0.073639 1.000000 0.000000 0.000000 0.000000
14.220100 0.001659 -0.062872 1.000000 0.000000 0.000000 0.000000
14.230100 0.001652 -0.052386 1.000000 0.000000 0.000000 0.000000
14.240100 0.001646 -0.052596 1.000000 0.000000 0.000000 0.000000
14.250100 0.001641 -0.024108 1.000000 0.000000 0.000000 0.000000
14.260100 0.001640 -0.009155 1.000000 0.000000 0.000000 0.000000
14.270100 0.001642 0.050533 1.000000 0.000000 0.000000 0.000000
14.280100 0.001648 0.154588 1.000000 0.000000 0.000000 0.000000
14.290100 0.001661 0.237246 1.000000 0.000000 0.000000 0.000000
14.300100 0.001683 0.260624 1.000000 0.000000 0.000000 0.000000
14.310100 0.001713 0.230023 1.000000 0.000000 0.000000 0.000000
14.320100 0.001753 0.205002 1.000000 0.000000 0.000000 0.000000
14.330100 0.001802 0.130948 1.000000 0.000000 0.000000 0.000000
14.340100 0.001857 0.188389 1.000000 0.000000 0.000000 0.000000
14.350100 0.001920 0.272947 1.000000 0.000000 0.000000 0.000000
14.360100 0.001991 0.455736 1.000000 0.000000 0.000000 0.000000
14.370100 0.002073 0.548976 1.000000 0.000000 0.000000 0.000000
14.380100 0.002177 0.491354 1.000000 0.000000 0.000000 0.000000
14.390100 0.002300 0.422174 1.000000 0.000000 0.000000 0.000000
14.400100 0.002439 0.410557 1.000000 0.000000 0.000000 0.000000
14.410100 0.002596 0.417126 1.000000 0.000000 0.000000 0.000000
14.420100 0.002770 0.242450 1.000000 0.000000 0.000000 0.000000
14.430100 0.002961 0.125783 1.000000 0.000000 0.000000 0.000000
14.440100 0.003155 0.213270 1.000000 0.000000 0.000000 0.000000
14.450100 0.003351 0.164257 1.000000 0.000000 0.000000 0.000000
14.460100 0.003551 0.286077 1.000000 0.000000 0.000000 0.000000
14.470100 0.003753 0.271516 1.000000 0.000000 0.000000 0.000000
14.480100 0.003963 0.187677 1.000000 0.000000 0.000000 0.000000
14.490100 0.004176 0.221812 1.000000 0.000000 0.000000 0.000000
14.500100 0.004394 0.097078 1.000000 0.000000 0.000000 0.000000
14.510100 0.004614 -0.037793 1.000000 0.000000 0.000000 0.000000
14.520100 0.004829 -0.140274 1.000000 0.000000 0.000000 0.000000
14.530100 0.005036 -0.179318 1.000000 0.000000 0.000000 0.000000
14.540100 0.005230 -0.216325 1.000000 0.000000 0.000000 0.000000
14.550100 0.005412 -0.190036 1.000000 0.000000 0.000000 0.000000
14.560100 0.005581 -0.207454 1.000000 0.000000 0.000000 0.000000
14.570100 0.005737 -0.064655 1.000000 0.000000 0.000000 0.000000
14.580100 0.005883 0.021879 1.000000 0.000000 0.000000 0.000000
14.590100 0.006026 -0.028141 1.000000 0.000000 0.000000 0.000000
14.600100 0.006158 -0.136383 1.000000 0.000000 0.000000 0.000000
14.610100 0.006248 0.007227 1.000000 0.000000 0.000000 0.000000
14.620100 0.006280 0.439368 1.000000 0.000000 0.000000 0.000000
14.630100 0.006265 0.566718 0.000000 0.000000 0.000000 1.000000
14.640100 0.006222 0.605196 0.000000 0.000000 0.000000 1.000000
14.650100 0.006173 0.627230 0.000000 0.000000 0.000000 1.000000
14.660100 0.006136 0.683133 0.000000 0.000000 0.000000 1.000000
14.670100 0.006124 0.663870 0.000000 0.000000 0.000000 1.000000
14.680100 0.006134 0.563155 0.000000 0.000000 0.000000 1.000000
14.690100 0.006152 0.421092 0.000000 0.000000 0.000000 1.000000
14.700100 0.006166 0.215908 0.000000 0.000000 0.000000 1.000000
14.710100 0.006163 -0.054278 0.000000 0.000000 0.000000 1.000000
14.720100 0.006137 -0.260908 0.000000 0.000000 0.000000 1.000000
14.730100 0.006090 -0.347564 0.000000 0.000000 0.000000 1.000000
14.740100 0.006033 -0.346422 0.000000 0.000000 0.000000 1.000000
14.750100 0.005967 -0.261399 0.000000 0.000000 0.000000 1.000000
14.760100 0.005893 -0.269618 0.000000 0.000000 0.000000 1.000000
14.770100 0.005813 -0.123907 0.000000 0.000000 0.000000 1.000000
14.780100 0.005730 0.014317 0.000000 0.000000 0.000000 1.000000
14.790100 0.005651 0.068014 0.000000 0.000000 0.000000 1.000000
14.800100 0.005578 0.022028 0.000000 0.000000 0.000000 1.000000
14.810100 0.005509 -0.051863 0.000000 0.000000 0.000000 1.000000
14.820100 0.005442 -0.043234 0.000000 0.000000 0.000000 1.000000
14.830100 0.005378 -0.240414 0.000000 0.000000 0.000000 1.000000
14.840100 0.005308 -0.276206 0.000000 0.000000 0.000000 1.000000
14.850100 0.005232 -0.171948 0.000000 0.000000 0.000000 1.000000
14.860100 0.005152 -0.208987 0.000000 0.000000 0.000000 1.000000
14.870100 0.005069 -0.122144 0.000000 0.000000 0.000000 1.000000
14.880100 0.004986 -0.064017 0.000000 0.000000 0.000000 1.000000
14.890100 0.004905 -0.003825 0.000000 0.000000 0.000000 1.000000
14.900100 0.004829 0.158396 0.000000 0.000000 0.000000 1.000000
14.910100 0.004764 0.147721 0.000000 0.000000 0.000000 1.000000
14.920100 0.004710 0.024791 0.000000 0.000000 0.000000 1.000000
14.930100 0.004663 -0.240920 0.000000 0.000000 0.000000 1.000000
14.940100 0.004611 -0.278181 0.000000 0.000000 0.000000 1.000000
14.950100 0.004553 -0.325212 0.000000 0.000000 0.000000 1.000000
14.960100 0.004490 -0.354845 0.000000 0.000000 0.000000 1.000000
14.970100 0.004416 -0.265869 0.000000 0.000000 0.000000 1.000000
14.980100 0.004334 0.034608 0.000000 0.000000 0.000000 1.000000
14.990100 0.004255 0.114324 0.000000 0.000000 0.000000 1.000000
